1.341776
48.208241
48.954994
46.970005
48.666988
48.753792
51.766506
53.203568
54.197010
50.864895
54.223782
50.999180
48.967854
52.954388
50.732948
54.999470
52.266815
48.840027
45.833111
56.198528
54.976616
54.501263
52.736431
54.703381
59.070080
55.794666
61.721066
62.570137
63.960045
62.895950
63.675274
67.626419
69.897865
63.841129
68.263031
69.876961
66.469604
68.946960
67.805779
71.120995
78.975113
77.419922
82.845886
75.558945
74.677452
78.346138
76.811966
75.259293
73.967117
80.509842
69.840614
70.436760
76.039886
70.646011
69.817169
66.887283
65.700035
66.821648
68.375488
59.513603
53.742939
56.817410
56.450405
51.296581
47.542095
47.165878
41.671833
41.262592
45.159336
43.746571
45.266289
54.793537
51.416908
56.779945
59.817883
62.101845
61.527588
50.968281
59.962715
61.070053
59.461765
61.274769
60.082413
64.742973
58.984413
60.336430
61.223797
57.445805
55.608032
52.067791
48.042110
50.212276
47.153397
43.905315
44.002010
47.022072
42.569145
52.181629
44.775532
48.376072
46.837986
46.818901
42.998272
45.947563
43.942150
43.843750
45.404053
42.933643
47.329548
41.701637
46.634174
44.357723
44.278255
45.567226
46.820202
46.139297
43.823139
43.291737
40.661022
43.537060
40.461269
42.743210
45.378502
40.513508
42.908085
41.615753
42.611019
43.468399
44.777107
44.142735
47.394230
45.702267
42.069637
42.874874
42.190845
45.700733
44.569706
47.096020
45.294521
41.430771
47.604424
43.900307
43.205246
39.611927
44.831093
42.509045
44.838070
43.466652
46.570370
42.687241
40.887383
43.685768
42.938503
42.940533
46.941917
43.922356
42.812504
43.862389
42.635681
43.497620
45.427433
42.949730
40.401104
39.430138
45.042587
44.947170
41.757027
40.633003
40.904156
42.558071
41.286896
45.696682
48.004185
45.212418
48.406490
40.109264
42.825977
43.499004
45.646652
45.918800
43.814445
43.714596
43.589653
43.582794
45.714226
42.753838
42.594917
42.775200
45.032822
44.828503
42.824352
44.923309
45.750393
46.165699
43.996990
41.201637
46.935806
47.091728
42.595100
44.581814
42.748955
44.560749
42.218506
46.106297
46.386108
43.597637
42.236374
45.032093
44.073883
46.739281
42.242352
42.033463
48.944405
46.341362
52.303791
42.086895
45.796970
39.355373
40.358765
42.378052
41.705875
41.930695
41.953979
38.843441
48.778473
54.585255
41.133808
44.019508
41.854336
41.585117
42.460918
43.751030
42.785969
41.544621
43.552814
41.538662
41.887501
39.560921
44.402454
44.859947
42.477413
41.282940
40.647667
40.912121
44.594833
41.532566
42.421371
43.224037
42.498737
41.021477
43.383549
43.836540
40.110828
42.530506
44.729465
40.956875
44.938057
43.464809
47.614475
41.848083
41.816277
45.239017
46.007385
47.443508
42.024040
46.001411
44.500641
47.127380
44.570938
44.238510
46.117886
47.353634
42.192917
42.859837
41.074364
53.023022
46.103817
43.622395
47.479267
46.486908
42.174122
41.078945
44.295460
44.023685
43.636532
47.884430
43.939720
44.338161
48.447273
45.152355
48.419132
47.094715
43.577076
44.063202
44.355717
46.659794
46.181351
45.957905
47.572598
44.601639
43.650280
43.342022
42.182831
48.348530
43.709023
43.332088
42.528042
45.198936
45.160660
45.257519
43.930935
47.987736
45.077076
45.868778
49.365906
44.923985
41.745789
50.088737
48.118252
45.462612
48.053112
48.222393
43.870800
42.292042
44.552444
45.552364
40.082890
40.094021
38.554749
41.267475
41.303486
40.151524
40.956684
40.097324
45.302143
44.663300
42.653362
39.807709
36.700600
38.995003
40.939022
41.800907
40.403183
38.797867
43.838966
40.118755
40.743107
40.082142
39.917171
40.272461
39.539700
45.121422
42.896572
40.506203
39.532166
40.831707
40.640366
40.489269
38.087124
37.159710
38.141830
36.675209
34.163872
33.122070
33.158508
34.882423
30.106373
32.769009
32.610878
32.508644
31.611811
32.351974
30.943565
28.704622
34.514225
32.196281
34.189453
35.415447
36.560177
36.576740
38.314934
42.209103
41.154556
53.465313
59.531487
56.234341
54.230843
57.820663
50.570972
49.925697
51.256645
55.861629
53.031967
54.098560
65.735619
67.128792
59.264633
64.936172
71.010178
66.355499
70.753235
69.178047
68.196564
64.393524
58.607189
62.692696
65.552711
73.966484
72.348701
76.922134
77.010658
80.212791
80.901787
74.120621
76.103210
83.534508
78.317017
79.365433
78.386917
82.676659
87.137009
84.727760
78.313057
80.811401
82.105545
84.386917
84.124954
84.384987
82.599129
83.911201
78.512085
81.266357
76.228012
81.297768
80.780228
83.562088
78.365326
79.244362
91.944557
84.528992
83.415398
83.376137
86.444870
80.324493
83.742783
81.790787
88.489967
89.916252
94.956551
79.975418
77.769974
67.808830
63.786652
64.817627
66.190445
63.644917
62.511562
68.233185
60.311871
66.195000
59.403641
62.329594
57.647587
60.606743
57.843105
54.507889
58.264095
46.645309
40.834431
40.265244
40.052418
35.677734
37.453449
37.246922
40.840565
35.239567
38.624367
39.503017
40.376320
37.383797
38.793262
36.077129
45.758675
53.716061
55.103142
59.726948
59.064293
57.218273
62.200535
62.707020
58.467793
53.501499
52.191341
42.199680
40.187969
32.698303
35.247738
32.046932
32.752689
31.155144
30.587791
31.765247
30.525858
30.541216
32.741985
31.283829
30.801306
33.011021
34.890564
33.301659
34.943031
33.134483
32.744106
33.397049
36.099609
37.378399
41.482910
49.872486
54.431938
52.350224
57.025517
55.678150
52.795303
56.066280
58.036823
58.600910
58.449230
49.560116
43.102051
34.708363
35.815639
33.603626
35.575958
29.950068
32.705585
32.364727
33.257416
34.322815
37.180141
37.283218
38.937157
39.575222
37.299473
36.732162
38.336529
39.572651
35.537888
45.242699
50.432144
55.099518
55.201527
57.755871
59.663609
54.167004
57.303272
57.816315
57.227600
49.095287
46.211475
44.039604
40.956837
39.471352
41.308887
40.971241
35.795296
38.297363
36.995007
38.589420
37.042568
39.442619
38.426891
40.312046
39.388023
39.671703
37.713020
38.068890
37.283997
41.539684
47.545322
45.998039
48.451214
51.611797
54.878983
57.278961
58.661209
65.560600
69.814049
73.957100
77.024963
92.422173
93.860634
99.064453
89.219101
92.611847
94.027206
92.919449
93.558342
84.227692
78.244621
78.421700
70.281120
73.810684
77.679909
71.416237
72.661018
74.959488
80.456841
79.590187
72.396881
71.416222
75.359718
72.561081
68.596886
65.679298
69.637474
69.640839
69.269562
68.651955
73.608963
72.875175
71.386322
69.119133
68.758652
70.690704
68.724899
70.014572
68.837761
71.610802
68.476463
66.779060
68.517799
69.058044
72.424622
74.115486
70.871269
69.299408
69.125275
73.088867
71.021072
68.908424
69.445900
66.918091
67.383224
71.102737
74.798058
72.224098
72.150261
65.650780
72.109985
71.419449
70.245377
73.811096
71.168640
68.221786
75.850349
72.154350
72.680923
71.512032
70.973740
68.025200
73.357422
68.652649
67.011574
69.157692
70.159760
71.884712
75.231461
72.092712
74.398941
70.633240
71.416733
70.052582
74.561562
73.324097
75.884430
71.492386
73.080772
70.135277
73.261116
70.089462
69.568275
70.939537
70.915405
70.656517
75.317329
69.059875
70.667526
70.047585
69.700371
68.801727
66.845016
68.700562
67.870705
69.372658
66.855751
64.568741
67.375923
67.258034
70.227226
68.980675
69.435066
69.561699
65.814209
68.119873
69.527611
70.981850
74.762337
72.528336
69.985641
68.232414
66.743813
70.243607
69.403152
69.678253
65.702972
68.504173
70.457115
64.281181
68.215462
