1.045299
47.877304
48.306149
48.015583
50.489964
51.324844
49.826412
51.042076
49.094219
48.840454
49.575516
49.535042
53.588364
50.335419
50.453239
51.233524
50.549152
48.859173
49.237267
55.276100
56.876682
56.287140
59.239792
62.514297
61.432972
57.533386
64.088142
62.581669
62.433430
67.988693
64.547577
68.044495
66.582832
68.017189
66.202393
65.460915
63.807846
66.203018
66.737160
73.739769
73.694771
73.002762
74.471527
76.690926
76.397697
75.605507
76.655960
74.230316
73.120163
68.416885
70.148438
71.097984
66.929237
67.152153
70.158638
62.059872
64.770073
66.320145
57.672760
51.544147
58.628826
48.277966
48.705238
45.201851
43.466072
38.034424
39.840683
43.031296
42.583153
41.935341
43.707260
45.492470
52.124077
64.765938
60.635326
62.875462
52.107533
60.608913
63.200714
63.345707
61.373981
61.754452
65.595673
50.996586
55.578568
54.144657
57.822308
52.254009
49.989319
46.806324
49.814007
45.769512
44.768642
41.123093
47.392662
45.446800
48.998322
42.131214
44.850212
42.363930
47.091461
41.306469
44.570969
44.702499
45.808956
43.806816
41.904484
44.828865
43.564285
43.051342
41.780884
45.354992
45.089077
44.230930
44.099449
44.344200
40.098431
39.016979
41.677132
41.399055
44.273914
41.626560
42.437290
40.472275
42.321568
41.502251
41.631084
43.947971
43.668579
43.358673
40.514442
42.591915
44.322788
42.355663
39.170078
41.128632
44.116795
43.754913
43.397076
42.126270
43.922585
42.333576
40.400848
42.076740
44.116821
43.337299
39.909657
39.656021
42.276234
42.124954
40.905312
44.235809
40.730900
44.933601
43.266552
40.050652
43.478203
42.171429
39.239555
38.969090
41.453262
41.841900
41.927971
41.438717
43.447693
39.217579
39.171665
39.983261
44.630619
42.526554
39.771885
44.126286
46.067177
41.372238
40.659618
43.942871
41.608234
43.239872
43.235088
42.651138
42.363995
42.376225
42.472546
43.813393
41.990173
42.719883
44.797352
47.027134
43.797310
43.930527
41.131989
50.499477
49.568851
47.052986
46.481464
47.443745
44.050900
46.966713
44.988979
43.018173
45.407085
40.740391
43.149998
43.507671
41.938942
43.225372
43.343586
44.242233
41.804386
42.446102
40.309502
40.864586
39.032589
38.240726
41.206802
40.036686
39.650517
39.071964
38.793247
40.793983
38.315025
40.191135
39.843189
39.508125
39.328007
38.212341
40.589600
38.760544
37.708244
36.849571
38.934906
42.774048
36.908276
39.193722
38.532242
41.547684
38.743118
41.908897
41.094875
36.907238
40.480637
41.912251
39.760128
39.989246
39.383781
40.482941
41.368237
39.217918
37.160244
42.792355
40.094658
37.186001
37.671970
38.369846
40.612751
40.617359
43.124840
43.584576
42.249706
40.589424
40.178604
43.688999
43.379814
42.008324
43.843296
40.077259
52.272858
44.738266
48.946110
48.995564
45.324806
47.302361
42.813984
40.718819
45.463879
42.792698
42.352478
44.214748
47.169716
42.195087
44.097713
44.219215
42.359573
47.691753
44.395653
44.291580
44.315403
44.436825
45.811146
46.188370
43.095665
42.259899
43.908558
44.981823
43.884094
46.631824
43.600014
42.958981
43.128876
44.779572
43.572624
42.754749
43.586617
41.688099
43.958302
39.798550
42.888058
42.169682
44.572094
44.079945
45.156517
46.337845
46.931511
44.399078
42.596478
41.048046
43.423195
42.286182
40.811260
40.201019
42.091511
42.861519
40.995827
41.288746
44.332829
40.931580
38.859802
41.153229
38.703671
41.335278
38.404339
38.730518
36.861732
37.900707
38.999348
36.693554
35.691860
34.990807
37.389385
41.179222
37.982758
39.009068
36.262196
37.541836
39.803535
37.479122
38.069511
38.918373
38.928101
37.852493
37.672466
40.080250
38.282608
36.798386
37.645157
35.835499
39.247890
37.427811
33.911091
40.895031
38.546551
40.260834
38.786762
40.180206
39.173779
36.640705
39.832676
39.928761
38.892052
39.834469
39.099323
39.737553
34.135670
33.112789
33.583416
43.122570
33.952309
35.196384
36.856979
37.166344
40.131798
41.447052
53.189674
55.583851
56.396824
55.254707
58.871449
53.923153
48.098763
51.465954
51.960411
53.509895
48.702572
62.820774
63.331264
57.830898
57.109135
64.260170
61.209751
70.174576
66.492920
62.934025
59.196568
57.666584
61.733311
64.468216
68.038773
72.510323
71.956673
77.263893
77.883789
80.071358
77.181236
76.472839
80.086243
81.764420
80.441376
78.430824
85.958443
86.107903
82.000145
77.848923
83.570808
79.969490
82.899345
79.928040
79.022354
81.990997
78.952957
80.063553
80.221275
76.575928
75.330917
76.172684
78.054573
78.392220
74.677467
80.119820
81.416054
77.716438
80.499237
77.283447
80.005966
76.873337
75.873863
76.677505
84.193237
81.000160
87.295044
81.777992
67.061172
62.741497
65.494942
65.005905
61.082710
59.446308
64.585617
66.186424
62.926746
58.683926
63.386219
54.787842
54.619595
54.259560
55.611053
48.732918
44.619160
40.815453
40.478519
39.184101
35.151283
38.812885
38.244770
34.495430
32.553028
35.204395
35.242279
33.892628
33.800739
32.956188
36.267963
38.330967
44.462883
47.464439
54.942524
60.620636
51.309135
56.864365
61.762924
54.406132
47.980743
46.970615
40.140251
38.613548
31.632322
31.138475
34.542873
32.237526
34.423801
31.819035
32.266926
31.391880
31.602434
30.794495
34.465527
32.203449
35.100124
34.296124
32.228359
33.998890
31.453747
31.027697
33.155003
33.541969
36.780373
39.655792
44.687199
50.279114
49.316380
51.141106
48.172604
50.936939
51.316093
55.118706
55.161163
54.344070
47.483753
40.723309
33.605328
35.306908
33.583115
37.014469
31.700132
35.618603
34.358231
34.192608
32.474373
31.173374
34.606194
36.044437
37.575336
32.476448
38.196354
39.002060
41.695492
39.965481
50.051388
51.757275
53.853943
56.327969
60.784122
64.111687
58.308231
56.933865
56.881042
57.220573
48.861187
43.785591
48.795513
48.566917
44.268509
44.886131
44.816746
40.130646
40.756065
40.314102
44.059372
43.149727
45.482876
42.309151
44.851826
42.552509
39.597954
44.881252
42.218597
40.640827
42.275135
52.407303
47.628166
51.364700
55.249165
57.844849
63.757309
67.534386
67.375450
74.778641
74.942322
83.462326
104.690521
104.012688
108.655968
105.006157
107.787514
104.945816
101.751297
98.890556
90.611359
80.519272
85.503838
79.958168
78.583252
80.993614
80.311882
76.603165
80.444069
83.369270
82.467255
79.338371
74.766319
81.565895
76.361588
79.151230
70.618118
70.574883
70.348640
69.905342
72.489059
74.908653
71.574753
74.422668
76.230606
77.475723
73.010651
74.022232
74.015701
75.683846
74.646782
72.713699
76.719444
77.538170
76.378975
77.157745
75.998306
75.991768
71.242287
72.216415
74.966057
72.825546
72.488518
71.616936
71.943916
72.609383
72.848434
75.481590
77.343201
74.171532
71.272835
73.315979
72.721870
72.859039
72.792633
74.690269
74.124886
74.219032
75.157631
74.236259
72.590706
73.169647
75.790413
75.007568
73.864044
71.155640
74.061302
75.715652
75.383881
73.608505
73.982307
77.768066
73.697823
74.632462
70.741760
77.166580
74.152824
76.357864
71.806801
75.683548
74.498207
72.995148
73.956192
77.246735
76.777885
74.759354
76.471970
77.954834
76.953453
76.742836
77.303436
76.433289
75.197235
81.219322
77.947197
84.299583
76.270981
75.626266
79.047256
77.480797
80.231438
80.198326
78.608459
77.910614
80.163521
75.458344
76.281578
80.332390
80.448303
78.108955
84.325279
82.818977
78.611328
75.614960
78.576736
81.725845
77.233192
75.209366
83.014816
79.867653
76.792755
79.917290
