0.000377,-0.000014,-0.000005,0.000009,0.000015,-0.000049,83.218000
0.000442,0.000766,-0.000005,0.000006,-0.000019,0.000484,83.319000
0.003222,0.000225,0.000002,-0.000014,-0.000019,0.000438,83.415000
-0.001304,-0.005175,0.000012,-0.000004,-0.000032,-0.001569,83.521000
-0.008177,-0.001953,0.000026,0.000004,-0.000029,0.000541,83.616000
-0.013423,0.006784,0.000042,0.000014,-0.000013,0.003620,83.717000
-0.018536,0.011194,0.000066,0.000015,0.000012,0.002727,83.816000
-0.023560,0.015246,0.000093,0.000016,-0.000001,0.002701,83.916000
-0.027904,0.019973,0.000130,0.000029,0.000015,0.002852,84.016000
-0.024424,0.027835,-0.000052,-0.000057,-0.002197,0.005942,84.117000
0.021087,0.034841,-0.000549,-0.002044,0.001295,0.010970,84.221000
0.073522,0.044168,-0.000870,-0.001735,0.000261,0.011653,84.315000
0.132158,0.055108,-0.001247,0.001217,0.002123,0.014387,84.417000
0.198350,0.056337,-0.001651,0.002668,0.001808,0.013632,84.515000
0.264949,0.058193,-0.001987,0.007244,0.001875,0.014464,84.615000
0.331954,0.062170,-0.002489,0.010185,0.001793,0.040454,84.715000
0.409260,0.082950,-0.003283,0.011896,0.000685,0.111723,84.819000
0.480564,0.096948,-0.004175,0.008219,-0.002623,0.181516,84.915000
0.550052,0.117988,-0.005128,0.007986,-0.001834,0.273863,85.017000
0.617051,0.161612,-0.005936,0.011674,0.000332,0.374336,85.121000
0.694323,0.167604,-0.006973,0.012183,-0.002980,0.415248,85.215000
0.776614,0.193888,-0.008068,0.008564,-0.001799,0.457657,85.320000
0.857070,0.211566,-0.009003,0.008621,-0.002636,0.477891,85.414000
0.925992,0.248405,-0.009791,0.009448,-0.001788,0.494336,85.515000
0.997138,0.281759,-0.010818,0.009036,-0.000757,0.501029,85.619000
1.067912,0.315187,-0.011703,0.010910,-0.001984,0.506275,85.716000
1.138834,0.348141,-0.012665,0.009739,-0.001838,0.509626,85.818000
1.219516,0.378853,-0.013481,0.014037,-0.001047,0.504426,85.915000
1.281824,0.432311,-0.013495,0.017227,-0.002862,0.512522,86.017000
1.355322,0.460110,-0.014570,0.017907,-0.002080,0.509329,86.119000
1.415749,0.479478,-0.016016,0.016043,-0.001127,0.508773,86.217000
1.512650,0.521349,-0.017228,0.015568,-0.001672,0.516097,86.320000
1.590323,0.547757,-0.018596,0.015167,0.000442,0.515968,86.416000
1.663312,0.586597,-0.019109,0.016206,-0.002968,0.516013,86.519000
1.735600,0.625658,-0.019958,0.015555,0.000219,0.516140,86.620000
1.807699,0.671000,-0.020599,0.011770,-0.000663,0.519289,86.717000
1.882054,0.718214,-0.021337,0.011123,-0.000079,0.546480,86.818000
1.955120,0.771094,-0.020914,0.011274,-0.004545,0.613164,86.918000
2.024569,0.837446,-0.020736,0.011849,-0.001654,0.700068,87.018000
2.090067,0.898693,-0.020605,0.012189,-0.001694,0.790205,87.118000
2.128856,0.971081,-0.019904,0.018902,-0.003139,0.898603,87.220000
2.207077,1.011700,-0.019339,0.011142,-0.003203,0.979089,87.318000
2.270121,1.065811,-0.018802,0.014338,-0.001850,1.029328,87.419000
2.316194,1.127344,-0.018101,0.011702,-0.003236,1.063361,87.519000
2.361170,1.189836,-0.016971,0.010186,-0.007019,1.086238,87.618000
2.383526,1.260678,-0.015787,0.011418,-0.004977,1.132838,87.720000
2.401782,1.332529,-0.014392,0.014377,-0.006526,1.190472,87.816000
2.416377,1.405694,-0.013435,0.009381,-0.003707,1.245573,87.915000
2.432480,1.477262,-0.012437,0.007903,-0.002789,1.278899,88.016000
2.459204,1.548058,-0.011295,0.009177,-0.002815,1.297732,88.119000
2.476820,1.612392,-0.010306,0.007426,-0.002133,1.330901,88.218000
2.489454,1.679077,-0.009233,0.004530,-0.003245,1.386921,88.317000
2.502251,1.744249,-0.008084,0.006978,-0.003094,1.421374,88.416000
2.513726,1.809824,-0.007039,0.004442,-0.001586,1.443500,88.520000
2.530980,1.878962,-0.006175,0.004842,-0.000816,1.455616,88.619000
2.546837,1.947627,-0.005369,0.005840,-0.001201,1.463629,88.720000
2.559315,2.015602,-0.004789,0.004316,-0.000234,1.468309,88.819000
2.577234,2.085591,-0.004375,0.002105,-0.000191,1.470814,88.919000
2.586783,2.156642,-0.004221,-0.002032,0.001990,1.471189,89.017000
2.607797,2.246344,-0.004088,-0.002673,0.003558,1.458820,89.119000
2.627233,2.333245,-0.003963,-0.001054,0.004708,1.461369,89.217000
2.648674,2.414910,-0.004015,0.001516,0.005828,1.458233,89.318000
2.669508,2.494661,-0.004053,0.003351,0.005654,1.459819,89.416000
2.672092,2.560671,-0.004246,0.001773,0.004388,1.459779,89.520000
2.694883,2.629027,-0.004148,0.002257,0.001553,1.458681,89.620000
2.708851,2.692230,-0.003991,0.001519,-0.000570,1.493368,89.721000
2.703983,2.751797,-0.003886,-0.004787,-0.001434,1.560242,89.819000
2.688076,2.811907,-0.003514,-0.004268,-0.001858,1.642621,89.917000
2.671863,2.872260,-0.003262,-0.002693,-0.002007,1.738760,90.020000
2.646798,2.933771,-0.003239,-0.004480,-0.003690,1.835441,90.119000
2.618180,2.992384,-0.003325,-0.005733,-0.002684,1.944225,90.221000
2.585582,3.050018,-0.003351,-0.007652,-0.003878,2.031150,90.317000
2.548940,3.105116,-0.003202,-0.004695,-0.003126,2.098715,90.416000
2.526017,3.147508,-0.003485,0.000140,-0.003228,2.139020,90.519000
2.492330,3.219521,-0.003468,0.000017,-0.005447,2.157718,90.623000
2.445302,3.277061,-0.003377,0.001072,-0.007263,2.199858,90.719000
2.395758,3.325641,-0.003495,0.000323,-0.005206,2.266232,90.823000
2.343603,3.369925,-0.003947,-0.003886,-0.002309,2.335700,90.918000
2.287783,3.410195,-0.003840,-0.006358,-0.005448,2.427434,91.017000
2.228482,3.444308,-0.003549,-0.007998,-0.006007,2.525577,91.117000
2.165453,3.472696,-0.003775,-0.009331,-0.002423,2.627560,91.219000
2.103765,3.506500,-0.003828,-0.009949,-0.001945,2.683548,91.316000
2.040708,3.538006,-0.003675,-0.011833,-0.004021,2.722364,91.417000
1.976435,3.568728,-0.003572,-0.014591,-0.003487,2.744419,91.516000
1.911546,3.599230,-0.003571,-0.021891,-0.003326,2.760409,91.625000
1.853078,3.624847,-0.003043,-0.020489,-0.003773,2.775116,91.718000
1.796148,3.654423,-0.002294,-0.015252,-0.002200,2.780721,91.817000
1.738651,3.693259,-0.002227,-0.018624,-0.002477,2.786302,91.919000
1.676072,3.703528,-0.003187,-0.018568,-0.000056,2.822902,92.021000
1.604478,3.706967,-0.004364,-0.016130,0.003019,2.883966,92.121000
1.536754,3.707062,-0.005458,-0.013222,0.003204,2.960594,92.216000
1.468998,3.715703,-0.006857,-0.019354,0.003614,3.037992,92.320000
1.359349,3.729082,-0.007655,-0.017621,0.002597,3.067739,92.417000
1.264960,3.729557,-0.008643,-0.014644,0.008578,3.098933,92.518000
1.176678,3.735899,-0.009241,-0.012358,0.005869,3.116284,92.621000
1.089142,3.740995,-0.010342,-0.016963,0.005364,3.127842,92.719000
1.004643,3.740809,-0.011388,-0.016827,0.006971,3.133733,92.820000
0.937258,3.741235,-0.012255,-0.017391,0.006095,-3.139905,92.916000
0.890859,3.744174,-0.013021,-0.018357,0.007454,3.139548,93.019000
0.846182,3.742550,-0.014309,-0.015689,0.011387,-3.140054,93.119000
0.804838,3.748211,-0.015136,-0.013678,0.010408,-3.137136,93.220000
0.763472,3.746886,-0.016063,-0.009619,0.011938,-3.134526,93.317000
0.722293,3.750441,-0.016666,-0.010872,0.008562,-3.131037,93.418000
0.683154,3.749535,-0.017550,-0.009446,0.011579,-3.130953,93.521000
0.644552,3.748590,-0.018394,-0.009116,0.013336,-3.131228,93.617000
0.605917,3.747364,-0.018642,-0.008573,0.010031,-3.130927,93.720000
0.567606,3.746642,-0.018922,-0.007019,0.010545,-3.130755,93.819000
0.529068,3.744751,-0.019306,-0.007716,0.011285,-3.129379,93.919000
0.490828,3.743449,-0.019455,-0.004155,0.011702,-3.129532,94.019000
0.452310,3.739938,-0.019990,-0.005827,0.014843,-3.129859,94.120000
0.413214,3.735814,-0.020069,-0.004429,0.014347,-3.128630,94.223000
0.373250,3.734649,-0.020134,-0.000975,0.015768,-3.127723,94.321000
0.332996,3.732910,-0.020258,-0.001840,0.016105,-3.127757,94.420000
0.293231,3.731625,-0.019857,0.000699,0.013228,-3.129010,94.517000
0.256545,3.731907,-0.020085,-0.001630,0.014868,-3.118979,94.620000
0.224824,3.734367,-0.019894,-0.003621,0.013740,-3.118007,94.716000
0.198630,3.733294,-0.019610,-0.003463,0.013167,-3.120640,94.819000
0.174131,3.733380,-0.019332,-0.002921,0.012881,-3.119925,94.920000
0.151385,3.732520,-0.019089,-0.002911,0.012862,-3.119351,95.022000
0.137131,3.731180,-0.018701,-0.002814,0.012866,-3.117152,95.119000
0.122879,3.730723,-0.018379,-0.002837,0.012840,-3.117123,95.222000
0.108858,3.729978,-0.018063,-0.002805,0.012832,-3.117065,95.318000
0.095659,3.729758,-0.017757,-0.002758,0.012823,-3.117241,95.419000
0.082907,3.729486,-0.017449,-0.002638,0.012790,-3.117263,95.519000
0.070477,3.731110,-0.017188,-0.002643,0.012780,-3.117150,95.618000
0.057851,3.732105,-0.016889,-0.002614,0.012728,-3.117291,95.719000
0.045245,3.733308,-0.016594,-0.002565,0.012693,-3.116935,95.821000
0.039872,3.735099,-0.016223,-0.002556,0.012699,-3.119561,95.917000
0.034516,3.736302,-0.015882,-0.002566,0.012694,-3.119535,96.019000
0.031481,3.735131,-0.015473,-0.002459,0.012698,-3.117046,96.120000
0.028213,3.734300,-0.015130,-0.002491,0.012685,-3.117257,96.217000
0.025413,3.734084,-0.014777,-0.002516,0.012726,-3.117445,96.320000
0.022871,3.734133,-0.014428,-0.002495,0.012709,-3.117274,96.420000
0.020515,3.734773,-0.014110,-0.002491,0.012703,-3.117593,96.516000
0.018627,3.735399,-0.013781,-0.002462,0.012709,-3.117738,96.617000
0.016387,3.736499,-0.013476,-0.002455,0.012698,-3.118134,96.719000
0.014694,3.737645,-0.013216,-0.002484,0.012693,-3.118041,96.818000
0.013059,3.738182,-0.012990,-0.002508,0.012695,-3.118285,96.917000
0.011721,3.738221,-0.012809,-0.002529,0.012683,-3.117625,97.017000
0.009940,3.738710,-0.012614,-0.002501,0.012679,-3.118021,97.119000
0.008178,3.739177,-0.012454,-0.002517,0.012673,-3.118065,97.216000
0.006874,3.738794,-0.012276,-0.002496,0.012669,-3.117859,97.317000
0.005503,3.738686,-0.012106,-0.002497,0.012663,-3.117679,97.419000
0.003848,3.740372,-0.011965,-0.002497,0.012645,-3.118203,97.519000
0.002080,3.741663,-0.011851,-0.002523,0.012640,-3.118024,97.617000
0.001302,3.741182,-0.011713,-0.002482,0.012636,-3.117356,97.719000
0.000831,3.741032,-0.011593,-0.002503,0.012626,-3.118070,97.820000
0.000780,3.741359,-0.011497,-0.002531,0.012619,-3.118437,97.919000
0.000979,3.741333,-0.011406,-0.002525,0.012611,-3.118636,98.021000
0.001388,3.741524,-0.011319,-0.002543,0.012612,-3.118477,98.121000
0.001748,3.741773,-0.011185,-0.002501,0.012605,-3.118709,98.221000
0.004279,3.746221,-0.011039,-0.002464,0.012614,-3.115703,98.321000
0.006922,3.742297,-0.010936,-0.002474,0.012609,-3.113629,98.419000
0.007460,3.740898,-0.010860,-0.002439,0.012614,-3.112437,98.518000
0.015221,3.744272,-0.010720,-0.002506,0.012600,-3.115977,98.617000
0.022124,3.747152,-0.010638,-0.002560,0.012604,-3.115702,98.721000
0.029828,3.740988,-0.010584,-0.002562,0.012621,-3.113008,98.821000
0.026837,3.743456,-0.010652,-0.002535,0.012624,-3.110452,98.920000
0.024243,3.745183,-0.010737,-0.002552,0.012614,-3.110484,99.017000
0.022256,3.747136,-0.010828,-0.002572,0.012606,-3.110365,99.120000
0.020582,3.749041,-0.010892,-0.002550,0.012606,-3.110443,99.216000
0.018961,3.750524,-0.010949,-0.002536,0.012604,-3.110391,99.316000
0.017142,3.751994,-0.011040,-0.002584,0.012593,-3.110233,99.416000
0.026477,3.752468,-0.010971,-0.002605,0.012575,-3.114619,99.519000
0.035112,3.752661,-0.010859,-0.002560,0.012564,-3.114440,99.620000
0.043746,3.753638,-0.010736,-0.002564,0.012556,-3.114717,99.720000
0.052556,3.753690,-0.010615,-0.002565,0.012562,-3.114798,99.817000
0.066343,3.760520,-0.010464,-0.002530,0.012576,-3.108554,99.916000
0.079801,3.766585,-0.010349,-0.002596,0.012598,-3.108811,100.021000
0.094772,3.774956,-0.010265,-0.002614,0.012604,-3.104758,100.121000
0.106439,3.776926,-0.010280,-0.002711,0.012641,-3.105412,100.221000
0.117914,3.778940,-0.010317,-0.002743,0.012636,-3.105411,100.321000
0.140778,3.780597,-0.010212,-0.002790,0.012646,-3.107243,100.418000
0.164397,3.786542,-0.010173,-0.002816,0.012657,-3.102268,100.518000
0.186097,3.782669,-0.010262,-0.002869,0.012676,-3.099220,100.617000
0.206003,3.781736,-0.010283,-0.002812,0.012708,-3.099084,100.719000
0.225653,3.781419,-0.010308,-0.002842,0.012755,-3.098991,100.816000
0.244905,3.780740,-0.010353,-0.002864,0.012751,-3.099065,100.917000
0.264099,3.780114,-0.010389,-0.002858,0.012757,-3.098377,101.017000
0.282706,3.780230,-0.010424,-0.002887,0.012759,-3.098579,101.120000
0.300823,3.780270,-0.010455,-0.002888,0.012772,-3.098545,101.220000
0.321515,3.778394,-0.010547,-0.002980,0.012784,-3.096623,101.323000
0.337965,3.783226,-0.010617,-0.002995,0.012809,-3.098687,101.417000
0.352507,3.783161,-0.010769,-0.003070,0.012808,-3.099358,101.519000
0.366892,3.782819,-0.010903,-0.003084,0.012816,-3.099206,101.617000
0.381656,3.783206,-0.011037,-0.003105,0.012811,-3.098969,101.717000
0.396084,3.783268,-0.011172,-0.003132,0.012828,-3.099288,101.817000
0.411342,3.779736,-0.011297,-0.003113,0.012854,-3.096887,101.916000
0.443485,3.782610,-0.011177,-0.003205,0.012831,-3.104937,102.019000
0.471040,3.780602,-0.011251,-0.003332,0.012828,-3.104476,102.120000
0.497901,3.779143,-0.011342,-0.003350,0.012832,-3.104663,102.217000
0.522775,3.780221,-0.011479,-0.003411,0.012850,-3.104513,102.321000
0.547408,3.781775,-0.011670,-0.003466,0.012872,-3.104693,102.419000
0.571377,3.783184,-0.011823,-0.003472,0.012924,-3.104061,102.516000
0.594951,3.785064,-0.011960,-0.003489,0.012943,-3.104333,102.619000
0.618289,3.786825,-0.012068,-0.003482,0.012954,-3.103794,102.716000
0.641155,3.788547,-0.012233,-0.003550,0.012943,-3.104606,102.818000
0.663403,3.789909,-0.012440,-0.003606,0.012952,-3.104956,102.917000
0.685496,3.790459,-0.012677,-0.003658,0.012967,-3.104368,103.018000
0.704798,3.794856,-0.012917,-0.003699,0.012982,-3.106038,103.118000
0.723997,3.798377,-0.013205,-0.003793,0.012990,-3.106323,103.217000
0.742641,3.801442,-0.013520,-0.003834,0.013001,-3.106340,103.320000
0.760757,3.804146,-0.013869,-0.003917,0.013011,-3.106841,103.419000
0.777542,3.805450,-0.014233,-0.003964,0.013045,-3.107045,103.520000
0.794476,3.806063,-0.014587,-0.003960,0.013061,-3.106588,103.617000
0.810594,3.807143,-0.014971,-0.004009,0.013061,-3.106259,103.716000
0.826027,3.807754,-0.015324,-0.004006,0.013071,-3.106431,103.819000
0.841286,3.808655,-0.015672,-0.004032,0.013080,-3.106739,103.918000
0.855939,3.809589,-0.016104,-0.004149,0.013081,-3.106457,104.017000
0.869494,3.811994,-0.016561,-0.004191,0.013100,-3.106180,104.118000
0.882188,3.812867,-0.017009,-0.004202,0.013091,-3.107217,104.217000
0.894492,3.813389,-0.017394,-0.004171,0.013105,-3.107423,104.318000
0.906253,3.813910,-0.017786,-0.004196,0.013109,-3.107576,104.420000
0.931172,3.815527,-0.017993,-0.004295,0.013092,-3.113378,104.519000
0.955992,3.816815,-0.018171,-0.004309,0.013141,-3.113003,104.618000
0.980469,3.817751,-0.018345,-0.004331,0.013145,-3.112884,104.721000
1.004227,3.818690,-0.018535,-0.004365,0.013155,-3.113059,104.821000
1.027590,3.819162,-0.018710,-0.004380,0.013154,-3.113225,104.919000
1.050281,3.819913,-0.018916,-0.004427,0.013147,-3.113295,105.017000
1.067423,3.820950,-0.019184,-0.004482,0.013169,-3.115196,105.117000
1.083994,3.821827,-0.019486,-0.004539,0.013175,-3.115435,105.218000
1.099597,3.820962,-0.019738,-0.004498,0.013179,-3.116014,105.319000
1.115036,3.820738,-0.020025,-0.004555,0.013173,-3.116285,105.418000
1.128059,3.816516,-0.020357,-0.004555,0.013187,-3.114539,105.517000
1.141672,3.816920,-0.020661,-0.004566,0.013182,-3.115327,105.619000
1.154185,3.815603,-0.020955,-0.004602,0.013208,-3.115560,105.721000
1.164747,3.814721,-0.021251,-0.004620,0.013211,-3.116311,105.822000
1.174864,3.813901,-0.021527,-0.004605,0.013228,-3.116110,105.918000
1.184869,3.813029,-0.021813,-0.004619,0.013221,-3.115851,106.017000
1.195172,3.812187,-0.022118,-0.004664,0.013229,-3.115844,106.122000
1.205454,3.812032,-0.022416,-0.004685,0.013236,-3.115844,106.222000
1.216212,3.812665,-0.022738,-0.004734,0.013234,-3.115928,106.321000
1.226244,3.811666,-0.023091,-0.004770,0.013221,-3.116298,106.421000
1.236257,3.811143,-0.023450,-0.004794,0.013212,-3.116095,106.521000
1.245908,3.810243,-0.023753,-0.004750,0.013254,-3.115508,106.621000
1.255179,3.810163,-0.024124,-0.004835,0.013251,-3.115540,106.720000
1.264183,3.810035,-0.024467,-0.004821,0.013251,-3.115708,106.822000
1.283987,3.811366,-0.024607,-0.004815,0.013250,-3.117124,106.918000
1.302049,3.811786,-0.024763,-0.004847,0.013279,-3.117544,107.019000
1.319939,3.812203,-0.024926,-0.004883,0.013277,-3.117876,107.121000
1.337166,3.812369,-0.025079,-0.004891,0.013288,-3.117985,107.220000
1.353198,3.809455,-0.025261,-0.004904,0.013310,-3.116233,107.320000
1.367290,3.809325,-0.025489,-0.004965,0.013332,-3.116891,107.416000
1.381757,3.809438,-0.025687,-0.004960,0.013332,-3.116745,107.518000
1.398420,3.816137,-0.025864,-0.004966,0.013355,-3.112739,107.620000
1.425070,3.814792,-0.026006,-0.005114,0.013332,-3.118392,107.719000
1.448075,3.817097,-0.026253,-0.005224,0.013338,-3.118753,107.820000
1.470932,3.818587,-0.026553,-0.005305,0.013348,-3.119094,107.916000
1.491836,3.820009,-0.026852,-0.005327,0.013355,-3.119201,108.018000
1.502049,3.813052,-0.027310,-0.005304,0.013389,-3.115942,108.117000
1.506361,3.816141,-0.027725,-0.005310,0.013423,-3.117736,108.219000
1.510501,3.818513,-0.028135,-0.005336,0.013427,-3.117725,108.321000
1.514544,3.820507,-0.028568,-0.005373,0.013424,-3.117628,108.416000
1.518575,3.822149,-0.028982,-0.005362,0.013434,-3.116975,108.518000
1.522221,3.823344,-0.029387,-0.005370,0.013431,-3.117257,108.620000
1.525864,3.824271,-0.029794,-0.005398,0.013433,-3.116863,108.721000
1.529539,3.825102,-0.030144,-0.005367,0.013440,-3.117157,108.818000
1.533160,3.826195,-0.030508,-0.005409,0.013429,-3.116831,108.916000
1.536960,3.826488,-0.030845,-0.005409,0.013428,-3.117106,109.018000
1.537950,3.825528,-0.031242,-0.005450,0.013424,-3.117246,109.119000
1.539179,3.825154,-0.031594,-0.005436,0.013423,-3.117705,109.217000
1.540671,3.824465,-0.031935,-0.005421,0.013428,-3.117518,109.316000
1.542344,3.824025,-0.032295,-0.005450,0.013416,-3.117620,109.417000
1.543216,3.823884,-0.032657,-0.005456,0.013415,-3.117721,109.516000
1.543718,3.824187,-0.033011,-0.005490,0.013411,-3.117985,109.619000
1.544111,3.824735,-0.033388,-0.005499,0.013395,-3.118174,109.718000
1.544475,3.825026,-0.033777,-0.005524,0.013390,-3.117791,109.818000
1.544549,3.825458,-0.034158,-0.005524,0.013393,-3.117047,109.918000
1.545144,3.825569,-0.034547,-0.005548,0.013393,-3.116458,110.021000
1.546210,3.825860,-0.034942,-0.005591,0.013397,-3.116486,110.116000
1.547104,3.825993,-0.035324,-0.005588,0.013391,-3.116784,110.219000
1.547953,3.826411,-0.035640,-0.005537,0.013394,-3.116780,110.317000
1.548519,3.826564,-0.035915,-0.005493,0.013393,-3.116264,110.422000
1.548316,3.826753,-0.036188,-0.005491,0.013371,-3.116015,110.520000
1.548606,3.827479,-0.036404,-0.005449,0.013378,-3.115368,110.621000
1.551485,3.826491,-0.036542,-0.005411,0.013341,-3.115293,110.717000
1.553840,3.825439,-0.036691,-0.005437,0.013346,-3.115018,110.820000
1.556183,3.824007,-0.036854,-0.005439,0.013344,-3.114379,110.919000
1.559607,3.824291,-0.036952,-0.005407,0.013352,-3.114704,111.016000
1.562489,3.824097,-0.037090,-0.005441,0.013338,-3.114562,111.117000
1.564761,3.823753,-0.037143,-0.005346,0.013336,-3.114822,111.220000
1.566940,3.823029,-0.037265,-0.005403,0.013345,-3.114300,111.320000
1.568531,3.821873,-0.037358,-0.005368,0.013332,-3.113915,111.416000
1.570700,3.820557,-0.037452,-0.005353,0.013335,-3.112643,111.519000
1.572357,3.819880,-0.037535,-0.005323,0.013319,-3.112727,111.616000
1.574510,3.819108,-0.037643,-0.005363,0.013316,-3.112461,111.723000
1.576423,3.818367,-0.037736,-0.005338,0.013311,-3.112241,111.821000
1.586283,3.821044,-0.037665,-0.005340,0.013288,-3.114901,111.920000
1.593559,3.819046,-0.037603,-0.005267,0.013300,-3.112689,112.017000
1.600594,3.817696,-0.037529,-0.005238,0.013290,-3.112903,112.119000
1.603789,3.818514,-0.037541,-0.005293,0.013279,-3.114133,112.220000
1.610345,3.816411,-0.037557,-0.005308,0.013290,-3.112567,112.321000
1.616851,3.815061,-0.037504,-0.005245,0.013290,-3.112426,112.417000
1.623410,3.814062,-0.037425,-0.005231,0.013299,-3.112467,112.517000
1.630017,3.813238,-0.037373,-0.005239,0.013291,-3.112679,112.620000
1.636852,3.812874,-0.037313,-0.005238,0.013290,-3.112622,112.719000
1.643544,3.814442,-0.037254,-0.005264,0.013284,-3.113525,112.817000
1.650613,3.813832,-0.037276,-0.005334,0.013288,-3.112941,112.919000
1.657748,3.815405,-0.037227,-0.005275,0.013294,-3.113504,113.017000
1.664754,3.816168,-0.037258,-0.005343,0.013286,-3.113488,113.117000
1.672249,3.817532,-0.037282,-0.005358,0.013291,-3.113325,113.217000
1.675643,3.820338,-0.037374,-0.005403,0.013273,-3.114198,113.316000
1.679936,3.824625,-0.037489,-0.005408,0.013295,-3.110939,113.417000
1.684373,3.828189,-0.037587,-0.005399,0.013289,-3.110897,113.520000
1.687124,3.828712,-0.037752,-0.005445,0.013281,-3.111233,113.618000
1.689216,3.829319,-0.037878,-0.005407,0.013277,-3.111713,113.716000
1.691030,3.830390,-0.038088,-0.005490,0.013267,-3.111585,113.818000
1.693111,3.830874,-0.038314,-0.005522,0.013259,-3.111913,113.918000
1.698021,3.829918,-0.038466,-0.005471,0.013278,-3.110428,114.017000
1.702186,3.829177,-0.038618,-0.005467,0.013275,-3.110315,114.117000
1.706273,3.832412,-0.038715,-0.005467,0.013313,-3.108850,114.216000
1.710267,3.835149,-0.038814,-0.005484,0.013312,-3.109073,114.322000
1.713065,3.839535,-0.038742,-0.004562,0.015024,-3.127352,114.419000
1.688764,3.832296,-0.039177,-0.004906,0.015155,-3.121539,114.516000
1.664745,3.824994,-0.039354,-0.002391,0.016448,-3.119791,114.618000
1.639400,3.823031,-0.039808,-0.007589,0.016006,-3.120724,114.717000
1.612201,3.820353,-0.039617,-0.006954,0.012576,-3.120618,114.817000
1.587311,3.822107,-0.038839,-0.007886,0.013832,-3.119178,114.918000
1.561980,3.824100,-0.038662,-0.008548,0.015967,-3.119168,115.019000
1.535876,3.824397,-0.038022,-0.005393,0.015938,-3.120060,115.118000
1.541275,3.837803,-0.036719,-0.007259,0.018882,-3.130271,115.219000
1.512778,3.833645,-0.036120,-0.010978,0.017843,-3.135893,115.321000
1.461736,3.833342,-0.035463,-0.008609,0.016965,-3.133101,115.418000
1.420110,3.835183,-0.034523,-0.010686,0.014958,-3.135240,115.519000
1.377852,3.836724,-0.033261,-0.012078,0.011390,-3.134915,115.621000
1.335392,3.838820,-0.032603,-0.013344,0.016252,-3.135868,115.717000
1.289349,3.834059,-0.031699,-0.012176,0.016930,-3.139183,115.820000
1.243339,3.829241,-0.030812,-0.012203,0.016236,-3.138453,115.919000
1.196686,3.823998,-0.029745,-0.010281,0.015067,-3.139227,116.017000
1.148660,3.816956,-0.029543,-0.013995,0.015603,-3.112663,116.119000
1.105712,3.801254,-0.028479,-0.010792,0.015804,-3.045128,116.220000
1.063634,3.794690,-0.027841,-0.012309,0.017793,-3.001066,116.316000
1.021264,3.785817,-0.027287,-0.015451,0.018609,-2.964720,116.420000
0.979564,3.776614,-0.026742,-0.018216,0.017150,-2.945373,116.518000
0.938522,3.766701,-0.026776,-0.023564,0.021297,-2.934108,116.618000
0.928871,3.775142,-0.025396,-0.023451,0.020498,-2.964745,116.716000
0.909958,3.754742,-0.025110,-0.025934,0.018189,-2.965737,116.820000
0.874452,3.755893,-0.024622,-0.027910,0.016731,-3.017052,116.920000
0.850248,3.751052,-0.023498,-0.027065,0.016322,-3.071997,117.019000
0.826038,3.747581,-0.022877,-0.027327,0.019874,-3.115378,117.116000
0.803126,3.750225,-0.021981,-0.029572,0.019898,3.138265,117.217000
0.791061,3.754143,-0.020581,-0.029906,0.019361,3.125067,117.318000
0.770612,3.755785,-0.019633,-0.030151,0.020160,3.108089,117.420000
0.750374,3.756747,-0.019317,-0.034859,0.017719,3.102602,117.519000
0.729414,3.757852,-0.018487,-0.032733,0.013902,3.097478,117.618000
0.711481,3.753264,-0.018383,-0.031137,0.015627,3.100319,117.717000
0.687144,3.753568,-0.017682,-0.027399,0.014872,3.103390,117.817000
0.662553,3.754312,-0.017484,-0.027651,0.015080,3.103190,117.918000
0.650844,3.748466,-0.017000,-0.028074,0.012740,3.107074,118.019000
0.629282,3.755820,-0.016357,-0.027687,0.011724,3.099104,118.119000
0.602187,3.754326,-0.016339,-0.027810,0.012566,3.101816,118.217000
0.533533,3.762139,-0.016515,-0.030490,0.011110,3.103188,118.317000
0.465619,3.769616,-0.016409,-0.029397,0.011347,3.104304,118.420000
0.398538,3.781471,-0.016575,-0.031880,0.013395,3.105208,118.521000
0.321045,3.793458,-0.016323,-0.027646,0.012686,3.102774,118.616000
0.264786,3.787260,-0.016390,-0.027556,0.012893,3.103505,118.717000
0.207776,3.790134,-0.016215,-0.027868,0.013079,3.105076,118.817000
0.146867,3.794562,-0.015910,-0.027582,0.011626,3.107044,118.917000
0.083989,3.801400,-0.015646,-0.027441,0.012938,3.107686,119.016000
0.021469,3.806450,-0.015482,-0.030176,0.013136,3.106695,119.117000
-0.041595,3.811588,-0.015037,-0.024509,0.014304,3.107588,119.219000
-0.104962,3.817253,-0.014755,-0.030497,0.017151,3.107865,119.321000
-0.166949,3.825593,-0.013755,-0.027322,0.015644,3.109899,119.418000
-0.228796,3.834598,-0.013089,-0.030393,0.020081,3.109620,119.519000
-0.287317,3.836146,-0.012517,-0.033287,0.022665,3.113589,119.617000
-0.345580,3.847023,-0.011505,-0.035589,0.022227,3.113799,119.717000
-0.403129,3.851449,-0.010236,-0.034059,0.020238,3.116185,119.818000
-0.460677,3.855428,-0.009209,-0.036016,0.020240,3.116996,119.917000
-0.519120,3.859617,-0.007460,-0.034398,0.018617,3.116616,120.021000
-0.584033,3.860293,-0.006177,-0.033191,0.019212,3.114344,120.117000
-0.649758,3.860917,-0.004506,-0.028554,0.022019,3.113777,120.216000
-0.734090,3.866497,-0.003633,-0.034434,0.016558,3.113637,120.317000
-0.820424,3.869394,-0.003567,-0.036860,0.018215,3.115685,120.418000
-0.907695,3.871703,-0.003152,-0.033858,0.017413,3.117671,120.520000
-1.012418,3.870693,-0.003356,-0.031336,0.012831,3.117738,120.617000
-1.122994,3.875760,-0.003742,-0.027780,0.013855,3.115102,120.720000
-1.239628,3.887767,-0.004230,-0.030931,0.012851,3.109751,120.816000
-1.348986,3.899589,-0.004438,-0.027006,0.013644,3.106510,120.916000
-1.469227,3.914158,-0.003974,-0.020751,0.009035,3.100540,121.018000
-1.591494,3.931260,-0.002306,-0.016677,0.014746,3.096907,121.117000
-1.701862,3.909913,-0.010114,-0.024645,0.010297,-3.112305,121.217000
-1.808478,3.884225,-0.015030,-0.024491,0.016345,-3.019029,121.318000
-1.955261,3.865273,-0.019472,-0.021235,0.014289,-2.949558,121.418000
-2.093116,3.852716,-0.023950,-0.029323,0.019443,-2.890420,121.517000
-2.235463,3.819099,-0.026632,-0.023044,0.016070,-2.861307,121.617000
-2.384210,3.783637,-0.028779,-0.023802,0.012660,-2.845511,121.718000
-2.482882,3.716814,-0.030960,-0.020995,0.012903,-2.793349,121.817000
-2.582610,3.661016,-0.033492,-0.026794,0.014072,-2.708351,121.918000
-2.673616,3.594969,-0.034950,-0.013247,0.023794,-2.573918,122.022000
-2.775585,3.527402,-0.036272,-0.006534,0.023994,-2.478154,122.119000
-2.883324,3.460325,-0.037421,0.004132,0.025900,-2.438950,122.221000
-2.969342,3.351742,-0.039376,0.008531,0.025026,-2.407995,122.317000
-3.070813,3.265427,-0.041341,0.010696,0.024366,-2.394552,122.420000
-3.171962,3.182761,-0.044392,0.009874,0.029940,-2.389892,122.517000
-3.271745,3.099487,-0.047676,0.005259,0.025297,-2.379843,122.619000
-3.371634,3.016180,-0.051234,0.001323,0.027553,-2.375403,122.721000
-3.462291,2.929077,-0.054619,0.000041,0.028415,-2.375578,122.817000
-3.554524,2.835346,-0.059574,-0.004799,0.031528,-2.337366,122.917000
-3.629299,2.736160,-0.064090,-0.002596,0.030677,-2.261543,123.017000
-3.683858,2.635981,-0.068125,0.000474,0.031228,-2.145889,123.117000
-3.725148,2.524002,-0.071870,0.008156,0.031130,-2.031762,123.219000
-3.753321,2.408377,-0.075607,0.016245,0.032149,-1.915565,123.317000
-3.765260,2.290661,-0.078553,0.029230,0.030760,-1.774259,123.417000
-3.759523,2.172257,-0.081029,0.030935,0.026343,-1.619617,123.517000
-3.757935,2.054127,-0.083871,0.026104,0.021615,-1.490657,123.620000
-3.738791,1.942157,-0.085746,0.025819,0.015466,-1.345168,123.721000
-3.703796,1.833482,-0.086378,0.029239,0.010517,-1.199958,123.819000
-3.685052,1.729844,-0.087734,0.019046,0.007527,-1.124395,123.921000
-3.624568,1.624439,-0.086290,0.033327,0.003031,-1.073087,124.017000
-3.559825,1.521045,-0.085789,0.027279,0.006252,-1.033427,124.118000
-3.488394,1.438462,-0.084641,0.031698,0.003298,-0.940835,124.220000
-3.408834,1.363947,-0.083642,0.036435,0.006711,-0.837544,124.317000
-3.323524,1.291959,-0.082463,0.042597,0.003259,-0.726779,124.417000
-3.224975,1.226578,-0.080850,0.038531,-0.003335,-0.607779,124.521000
-3.148041,1.162531,-0.079761,0.034200,-0.006189,-0.527524,124.617000
-3.047863,1.104133,-0.077618,0.033104,-0.011973,-0.469468,124.717000
-2.942005,1.037094,-0.075726,0.027760,-0.011932,-0.430409,124.816000
-2.828594,0.980014,-0.073133,0.023660,-0.016890,-0.408238,124.917000
-2.714343,0.925505,-0.070267,0.020946,-0.019522,-0.388547,125.018000
-2.609169,0.869811,-0.066586,0.022892,-0.022853,-0.387867,125.118000
-2.500794,0.825685,-0.062178,0.027659,-0.027042,-0.379537,125.222000
-2.391947,0.781388,-0.057657,0.026569,-0.030337,-0.375842,125.317000
-2.282821,0.737342,-0.053654,0.034808,-0.021686,-0.371033,125.421000
-2.174450,0.691427,-0.049932,0.032697,-0.021810,-0.371759,125.516000
-2.064040,0.650446,-0.045990,0.034008,-0.019006,-0.368439,125.618000
-1.950983,0.600478,-0.043212,0.027678,-0.017141,-0.368073,125.719000
-1.837197,0.551027,-0.040687,0.030105,-0.012285,-0.368558,125.818000
-1.719105,0.494967,-0.038165,0.027255,-0.016159,-0.364861,125.919000
-1.601684,0.440733,-0.035134,0.032135,-0.018444,-0.365483,126.021000
-1.484407,0.386992,-0.032333,0.029986,-0.020911,-0.367102,126.116000
-1.367404,0.334262,-0.028856,0.033466,-0.016954,-0.362916,126.218000
-1.250029,0.283448,-0.025601,0.033954,-0.018429,-0.362909,126.317000
-1.125066,0.235484,-0.022066,0.032016,-0.018454,-0.361141,126.417000
-1.000619,0.179482,-0.018136,0.034317,-0.024137,-0.363286,126.521000
-0.878020,0.134492,-0.013801,0.037534,-0.024574,-0.363487,126.616000
-0.748196,0.085181,-0.009817,0.035091,-0.024252,-0.361380,126.718000
-0.621354,0.036846,-0.007003,0.036003,-0.021366,-0.367324,126.817000
-0.506415,-0.043238,-0.005400,0.038135,-0.015271,-0.438589,126.916000
-0.399507,-0.128637,-0.003453,0.041413,-0.017289,-0.539351,127.017000
-0.302919,-0.215005,-0.002706,0.038477,-0.012422,-0.662008,127.118000
-0.224740,-0.309286,-0.002319,0.038566,-0.009171,-0.778580,127.218000
-0.149407,-0.401512,-0.002892,0.031752,-0.000550,-0.895451,127.319000
-0.060552,-0.504192,-0.003010,0.034946,0.002385,-0.972833,127.419000
-0.001732,-0.599519,-0.003980,0.031379,0.003262,-1.027667,127.521000
0.079518,-0.693737,-0.004407,0.038296,0.004940,-1.056889,127.619000
0.138645,-0.799629,-0.005913,0.036149,0.012076,-1.082564,127.719000
0.170971,-0.962429,-0.009953,0.030320,0.017930,-1.164535,127.823000
0.208120,-1.108514,-0.014102,0.033113,0.026782,-1.235840,127.921000
0.256990,-1.286663,-0.019578,0.030813,0.028259,-1.271090,128.020000
0.279846,-1.419307,-0.023964,0.033790,0.029995,-1.300787,128.122000
0.325068,-1.544142,-0.027437,0.034127,0.029870,-1.314503,128.218000
0.362007,-1.677655,-0.031635,0.030198,0.032234,-1.326904,128.321000
0.382044,-1.797344,-0.035070,0.030240,0.028713,-1.327489,128.423000
0.395321,-1.926138,-0.039127,0.030586,0.033204,-1.328228,128.522000
0.446991,-2.045964,-0.043230,0.029050,0.034942,-1.328227,128.618000
0.482296,-2.168042,-0.048294,0.026150,0.032691,-1.331719,128.718000
0.517864,-2.290294,-0.053428,0.022028,0.032799,-1.331412,128.819000
0.553130,-2.411980,-0.058459,0.018135,0.031665,-1.329565,128.918000
0.553503,-2.540731,-0.063255,0.010281,0.026536,-1.400925,129.017000
0.548890,-2.671126,-0.067992,0.010028,0.027567,-1.501562,129.122000
0.562959,-2.794998,-0.072573,0.007575,0.030912,-1.564154,129.218000
0.571318,-2.919089,-0.076687,0.001466,0.027748,-1.607495,129.320000
0.572072,-3.035275,-0.080118,0.006256,0.024202,-1.639740,129.421000
0.571958,-3.153436,-0.083549,0.002906,0.023362,-1.650518,129.519000
0.561891,-3.277676,-0.088106,0.004968,0.025070,-1.657478,129.619000
0.551324,-3.419950,-0.093103,0.005854,0.024512,-1.660381,129.721000
0.538014,-3.553660,-0.096129,0.005596,0.022487,-1.666428,129.819000
0.529916,-3.681491,-0.098556,0.010257,0.023334,-1.667217,129.923000
0.517746,-3.803702,-0.100794,0.009993,0.022393,-1.667490,130.021000
0.505183,-3.925184,-0.102391,0.012775,0.021573,-1.670145,130.120000
0.494225,-4.042833,-0.104536,0.013545,0.025952,-1.671817,130.222000
0.483744,-4.160380,-0.105072,0.018544,0.017692,-1.670262,130.321000
0.473291,-4.277453,-0.105950,0.014412,0.020751,-1.668823,130.422000
0.462088,-4.393928,-0.106125,0.017767,0.019043,-1.669416,130.519000
0.450243,-4.510308,-0.106327,0.012251,0.017751,-1.671029,130.622000
0.438928,-4.626575,-0.106516,0.010778,0.016502,-1.669029,130.720000
0.435022,-4.736193,-0.107032,0.013118,0.025203,-1.667378,130.823000
0.437049,-4.849735,-0.107908,0.009726,0.020995,-1.663477,130.920000
0.438416,-4.963629,-0.107779,0.013278,0.019731,-1.664066,131.022000
0.437718,-5.078943,-0.106987,0.011678,0.010964,-1.671521,131.120000
0.430162,-5.193443,-0.105497,0.013881,0.014118,-1.727628,131.220000
0.399182,-5.308752,-0.104446,0.012182,0.013220,-1.812227,131.318000
0.364593,-5.431840,-0.103816,0.005460,0.013849,-1.938608,131.421000
0.318621,-5.550975,-0.103027,0.012451,0.014796,-2.038511,131.518000
0.246236,-5.653695,-0.103191,0.012240,0.021352,-2.178701,131.620000
0.155272,-5.750098,-0.104351,-0.004342,0.021549,-2.334430,131.721000
0.051533,-5.815015,-0.105068,-0.003350,0.026763,-2.478573,131.820000
-0.050623,-5.873166,-0.106541,-0.012283,0.032196,-2.599422,131.919000
-0.160432,-5.916313,-0.107741,-0.014628,0.031011,-2.737625,132.023000
-0.275475,-5.957853,-0.109582,-0.019094,0.033311,-2.838581,132.121000
-0.399052,-6.011793,-0.111721,-0.027795,0.029163,-2.902130,132.223000
-0.529547,-6.056660,-0.112711,-0.027167,0.027360,-2.945099,132.319000
-0.654682,-6.081511,-0.113253,-0.026882,0.028387,-2.980361,132.420000
-0.777258,-6.120399,-0.114461,-0.020588,0.031310,-2.990335,132.522000
-0.894456,-6.139459,-0.115490,-0.022573,0.033651,-3.005353,132.618000
-1.016229,-6.165064,-0.116566,-0.022138,0.032975,-3.011199,132.718000
-1.147583,-6.177542,-0.117179,-0.031172,0.032553,-3.016075,132.820000
-1.277910,-6.191067,-0.117931,-0.028121,0.031941,-3.018645,132.918000
-1.400459,-6.208794,-0.119370,-0.030042,0.037490,-3.021204,133.020000
-1.522235,-6.225654,-0.120185,-0.026319,0.033907,-3.025328,133.121000
-1.639740,-6.241297,-0.121001,-0.029588,0.035355,-3.026830,133.220000
-1.754254,-6.257338,-0.121759,-0.028071,0.037595,-3.026787,133.317000
-1.864925,-6.276461,-0.120674,-0.031208,0.037518,-3.027590,133.420000
-1.973925,-6.299157,-0.118993,-0.029140,0.033842,-3.024930,133.522000
-2.073468,-6.312298,-0.116563,-0.032922,0.030924,-3.030547,133.619000
-2.171131,-6.328189,-0.115280,-0.034829,0.033209,-3.029711,133.719000
-2.268265,-6.344316,-0.114068,-0.039096,0.030783,-3.029232,133.818000
-2.366287,-6.360859,-0.112908,-0.041937,0.025763,-3.027215,133.922000
-2.464932,-6.376793,-0.110882,-0.039645,0.026041,-3.028152,134.017000
-2.563739,-6.392321,-0.110362,-0.044702,0.029372,-3.028390,134.118000
-2.663124,-6.410021,-0.109820,-0.043442,0.031706,-3.027457,134.221000
-2.763182,-6.425612,-0.110283,-0.048586,0.033741,-3.041868,134.320000
-2.863432,-6.431508,-0.110641,-0.049071,0.029821,-3.110220,134.418000
-2.964176,-6.426326,-0.110659,-0.050306,0.025837,3.074495,134.520000
-3.064454,-6.408023,-0.108022,-0.051297,0.020781,2.961091,134.619000
-3.161721,-6.375552,-0.105271,-0.056601,0.015024,2.839756,134.718000
-3.263314,-6.322656,-0.101360,-0.052676,0.006101,2.701813,134.821000
-3.370649,-6.261220,-0.097314,-0.052943,0.000645,2.606881,134.917000
-3.478077,-6.174745,-0.091519,-0.051540,-0.011704,2.462603,135.018000
-3.548364,-6.090564,-0.085530,-0.058466,-0.019076,2.305830,135.119000
-3.607855,-5.997785,-0.079223,-0.061450,-0.022077,2.186572,135.218000
-3.654014,-5.891309,-0.071519,-0.057872,-0.028247,2.076438,135.318000
-3.688841,-5.770719,-0.062093,-0.040419,-0.036760,1.945577,135.421000
-3.717453,-5.650105,-0.052675,-0.025845,-0.042553,1.842403,135.519000
-3.748111,-5.525134,-0.043076,-0.028981,-0.045968,1.782641,135.621000
-3.774752,-5.408177,-0.033617,-0.025585,-0.044480,1.742376,135.717000
-3.805112,-5.297891,-0.024693,-0.023164,-0.045444,1.708249,135.818000
-3.838711,-5.157173,-0.014078,-0.027284,-0.049460,1.694613,135.920000
-3.851739,-5.029675,-0.003990,-0.022999,-0.048828,1.680039,136.021000
-3.879765,-4.895332,0.006282,-0.018830,-0.049506,1.680328,136.120000
-3.914143,-4.762405,0.018460,-0.017214,-0.053477,1.720476,136.218000
-3.954869,-4.627396,0.030837,-0.015239,-0.054540,1.772333,136.318000
-3.964238,-4.496597,0.042951,-0.016954,-0.052610,1.788930,136.418000
-3.995576,-4.368410,0.055529,-0.025671,-0.054079,1.803777,136.519000
-4.025208,-4.247930,0.066453,-0.026452,-0.047117,1.811252,136.621000
-4.053964,-4.130361,0.077142,-0.031803,-0.045818,1.815057,136.722000
-4.085426,-4.014936,0.087486,-0.035649,-0.048104,1.817775,136.817000
-4.117445,-3.900413,0.097517,-0.041389,-0.046705,1.819741,136.919000
-4.147975,-3.796744,0.106590,-0.042818,-0.046027,1.814986,137.020000
-4.184837,-3.698340,0.114471,-0.048449,-0.050478,1.817263,137.117000
-4.206841,-3.593434,0.124164,-0.049279,-0.051680,1.789281,137.217000
-4.221553,-3.487147,0.134666,-0.039214,-0.055161,1.725633,137.317000
-4.219031,-3.380460,0.145268,-0.031582,-0.057565,1.605365,137.420000
-4.210720,-3.271776,0.155538,-0.023067,-0.061180,1.491295,137.517000
-4.187279,-3.158577,0.163375,-0.023557,-0.065588,1.363224,137.617000
-4.148089,-3.049249,0.172277,-0.024256,-0.071335,1.226408,137.717000
-4.113760,-2.936525,0.181105,-0.025685,-0.073878,1.128530,137.821000
-4.083590,-2.820686,0.190078,-0.020241,-0.072943,1.072964,137.919000
-4.027153,-2.708932,0.199860,-0.018481,-0.071698,1.033886,138.017000
-3.966844,-2.598830,0.210333,-0.010612,-0.075125,1.006187,138.118000
-3.901438,-2.490850,0.220089,-0.009023,-0.070173,0.965030,138.221000
-3.820075,-2.393826,0.229735,0.000019,-0.067640,0.884466,138.317000
-3.729870,-2.306246,0.239563,0.020132,-0.065438,0.779517,138.420000
-3.629333,-2.231762,0.248005,0.030896,-0.058581,0.648979,138.520000
-3.530532,-2.168380,0.255529,0.035331,-0.051791,0.514010,138.620000
-3.424107,-2.118246,0.262390,0.036023,-0.046694,0.387961,138.718000
-3.317930,-2.083104,0.268296,0.041062,-0.038933,0.286659,138.817000
-3.207044,-2.046751,0.273872,0.037241,-0.035330,0.226062,138.918000
-3.094548,-2.015365,0.278733,0.039706,-0.027170,0.190790,139.020000
-2.961840,-1.996768,0.283903,0.034343,-0.028826,0.180303,139.120000
-2.839746,-1.978649,0.289605,0.031956,-0.035603,0.162228,139.217000
-2.719956,-1.959002,0.293827,0.027739,-0.032774,0.147974,139.318000
-2.600047,-1.939595,0.298050,0.024985,-0.033784,0.141880,139.420000
-2.479793,-1.921425,0.302143,0.024999,-0.029757,0.138180,139.522000
-2.359382,-1.904022,0.305852,0.028382,-0.028082,0.132623,139.619000
-2.238519,-1.887080,0.308306,0.031425,-0.034469,0.128215,139.719000
-2.118375,-1.870304,0.311678,0.034463,-0.030267,0.126470,139.817000
-2.003442,-1.857705,0.311748,0.032514,-0.035431,0.129425,139.918000
-1.889050,-1.839534,0.311879,0.029938,-0.036020,0.130550,140.018000
-1.774388,-1.819264,0.311847,0.028609,-0.036348,0.132575,140.121000
-1.659879,-1.799783,0.311641,0.029580,-0.034635,0.131950,140.217000
-1.545269,-1.780618,0.310906,0.028400,-0.036035,0.131089,140.318000
-1.430966,-1.761669,0.310874,0.026783,-0.039145,0.133207,140.420000
-1.316678,-1.742699,0.311446,0.029663,-0.039719,0.133642,140.520000
-1.202499,-1.723056,0.312648,0.027173,-0.047809,0.135409,140.621000
-1.088233,-1.705252,0.315609,0.026760,-0.046411,0.136301,140.721000
-0.973742,-1.687172,0.318324,0.024018,-0.044849,0.136523,140.822000
-0.861807,-1.662791,0.320701,0.020099,-0.045212,0.140231,140.917000
-0.750110,-1.638044,0.323512,0.024663,-0.043320,0.143013,141.018000
-0.638597,-1.613587,0.325822,0.021236,-0.043641,0.144463,141.119000
-0.506143,-1.587103,0.329043,0.020304,-0.042388,0.144407,141.220000
-0.398726,-1.590669,0.329932,0.018362,-0.038072,0.136687,141.320000
-0.256553,-1.588723,0.333770,0.021901,-0.042962,0.133402,141.422000
-0.133742,-1.574981,0.337738,0.023473,-0.043230,0.174903,141.521000
0.009587,-1.539536,0.343355,0.020073,-0.046819,0.263739,141.622000
0.136934,-1.497898,0.348644,0.016208,-0.046981,0.374428,141.722000
0.253423,-1.465042,0.353331,0.012762,-0.047337,0.472467,141.818000
0.335364,-1.359896,0.358729,0.010475,-0.042344,0.623506,141.918000
0.464670,-1.317056,0.363604,0.003701,-0.044322,0.741481,142.020000
0.567898,-1.205123,0.370024,0.000519,-0.040944,0.835291,142.117000
0.641795,-1.152674,0.373291,0.000490,-0.033596,0.890514,142.217000
0.733475,-1.062149,0.377498,-0.004304,-0.032099,0.874098,142.317000
0.814348,-0.981011,0.380552,-0.004785,-0.025332,0.811368,142.417000
0.880201,-0.922337,0.382584,0.000596,-0.019157,0.719217,142.521000
0.941823,-0.842744,0.384427,0.006980,-0.013390,0.626535,142.617000
1.060395,-0.789596,0.386675,0.007149,-0.012740,0.498292,142.720000
1.175041,-0.756668,0.388828,0.008178,-0.012810,0.366651,142.823000
1.281559,-0.723107,0.391100,0.003183,-0.013422,0.235178,142.921000
1.391098,-0.699407,0.393666,0.000694,-0.016307,0.138452,143.018000
1.502305,-0.681273,0.396025,0.003469,-0.015778,0.069578,143.119000
1.606130,-0.671684,0.397891,0.002559,-0.014555,0.026646,143.218000
1.715617,-0.637726,0.399946,0.002105,-0.015671,0.013609,143.317000
1.827408,-0.648027,0.401420,0.008488,-0.014873,-0.003825,143.418000
1.946858,-0.639446,0.403455,0.010188,-0.015848,-0.010307,143.519000
2.066390,-0.643191,0.405536,0.011038,-0.017543,-0.017675,143.620000
2.190780,-0.635746,0.407544,0.013924,-0.013915,-0.018379,143.721000
2.315172,-0.631524,0.410055,0.020019,-0.016395,-0.019405,143.821000
2.422644,-0.627673,0.412925,0.025967,-0.022588,-0.015850,143.920000
2.511847,-0.631074,0.414906,0.020401,-0.024623,-0.021434,144.021000
2.606596,-0.638697,0.417406,0.019854,-0.023755,-0.024327,144.117000
2.694687,-0.635326,0.419803,0.016821,-0.021917,-0.016279,144.218000
2.770471,-0.645297,0.422066,0.018109,-0.024328,-0.019369,144.318000
2.821123,-0.641807,0.423213,0.014722,-0.025005,-0.009430,144.419000
2.843121,-0.650226,0.423779,0.014654,-0.025198,-0.012838,144.518000
2.861891,-0.655546,0.424312,0.014756,-0.024993,-0.021520,144.620000
2.879464,-0.659181,0.424823,0.014812,-0.025172,-0.021117,144.721000
2.896251,-0.662223,0.425364,0.014833,-0.025134,-0.021050,144.820000
2.904725,-0.676686,0.425527,0.015128,-0.024966,-0.032292,144.920000
2.919721,-0.675793,0.426091,0.015142,-0.024937,-0.032977,145.017000
2.932802,-0.674503,0.426584,0.015146,-0.024952,-0.032758,145.119000
2.941071,-0.687814,0.426716,0.015406,-0.024843,-0.042674,145.221000
2.946749,-0.692073,0.426919,0.015335,-0.024860,-0.040756,145.320000
2.952200,-0.695694,0.427143,0.015324,-0.024852,-0.040733,145.420000
2.957946,-0.699812,0.427395,0.015348,-0.024817,-0.041251,145.518000
2.958595,-0.708836,0.427511,0.015586,-0.024622,-0.050054,145.620000
2.959486,-0.716995,0.427647,0.015573,-0.024604,-0.049859,145.720000
2.960903,-0.724485,0.427852,0.015564,-0.024561,-0.049858,145.820000
2.962428,-0.725222,0.428179,0.015571,-0.024538,-0.049980,145.922000
2.963444,-0.725963,0.428508,0.015578,-0.024517,-0.049869,146.017000
2.964296,-0.726024,0.428862,0.015564,-0.024499,-0.049270,146.120000
2.964761,-0.725942,0.429234,0.015566,-0.024468,-0.049213,146.218000
2.965369,-0.726456,0.429589,0.015594,-0.024448,-0.049715,146.318000
2.965662,-0.726344,0.429955,0.015617,-0.024426,-0.049896,146.419000
2.965860,-0.726210,0.430333,0.015628,-0.024398,-0.049887,146.520000
2.966126,-0.726405,0.430727,0.015646,-0.024368,-0.050157,146.621000
2.966510,-0.726439,0.431129,0.015654,-0.024338,-0.050392,146.721000
2.970667,-0.737938,0.431478,0.015927,-0.024144,-0.061109,146.821000
2.967113,-0.736250,0.431845,0.015840,-0.024158,-0.058038,146.919000
2.964107,-0.734429,0.432211,0.015854,-0.024143,-0.058329,147.018000
2.960395,-0.733100,0.432596,0.015864,-0.024094,-0.058187,147.117000
2.956154,-0.731900,0.432971,0.015859,-0.024083,-0.057547,147.219000
2.952006,-0.730943,0.433353,0.015865,-0.024055,-0.057534,147.318000
2.948209,-0.729773,0.433733,0.015861,-0.024042,-0.057524,147.422000
2.944386,-0.728732,0.434127,0.015870,-0.024012,-0.057523,147.518000
2.940957,-0.727952,0.434516,0.015878,-0.024001,-0.057827,147.617000
2.937774,-0.727313,0.434897,0.015887,-0.023978,-0.057696,147.718000
2.934771,-0.727173,0.435282,0.015912,-0.023946,-0.058264,147.822000
2.931763,-0.726932,0.435733,0.015915,-0.023884,-0.058360,147.917000
2.929222,-0.726753,0.436197,0.015954,-0.023847,-0.059333,148.019000
2.921746,-0.741554,0.436325,0.016161,-0.023687,-0.067832,148.120000
2.918403,-0.737342,0.436825,0.016098,-0.023693,-0.066575,148.221000
2.915087,-0.733706,0.437326,0.016110,-0.023668,-0.066973,148.318000
2.916745,-0.732260,0.437922,0.016187,-0.023613,-0.068738,148.419000
2.916532,-0.743478,0.438274,0.016420,-0.023453,-0.078002,148.520000
2.910758,-0.739845,0.438763,0.016420,-0.023405,-0.077151,148.618000
2.904991,-0.738239,0.439259,0.016422,-0.023369,-0.077462,148.718000
2.900007,-0.748645,0.439602,0.016625,-0.023197,-0.085638,148.817000
2.904760,-0.748244,0.440334,0.016646,-0.023164,-0.087086,148.921000
2.909101,-0.748034,0.441021,0.016647,-0.023152,-0.087296,149.020000
2.914794,-0.749330,0.441713,0.016670,-0.023140,-0.087298,149.120000
2.921109,-0.750450,0.442393,0.016684,-0.023132,-0.087801,149.222000
2.926768,-0.751433,0.443015,0.016702,-0.023130,-0.088267,149.320000
2.932309,-0.751797,0.443610,0.016707,-0.023143,-0.087909,149.419000
2.937628,-0.752085,0.444205,0.016712,-0.023120,-0.087969,149.522000
2.942807,-0.752889,0.444734,0.016708,-0.023149,-0.087998,149.620000
2.943224,-0.763363,0.445042,0.016946,-0.022935,-0.097995,149.717000
2.946939,-0.766696,0.445548,0.016929,-0.022924,-0.097057,149.819000
2.946658,-0.781951,0.445785,0.017145,-0.022756,-0.105491,149.917000
2.947032,-0.785013,0.446240,0.017102,-0.022751,-0.104428,150.018000
2.948035,-0.787702,0.446705,0.017131,-0.022740,-0.104780,150.121000
2.949646,-0.790226,0.447211,0.017145,-0.022698,-0.105031,150.221000
2.947255,-0.802351,0.447462,0.017356,-0.022533,-0.113796,150.321000
2.947644,-0.806958,0.447939,0.017362,-0.022477,-0.113847,150.419000
2.948285,-0.811290,0.448446,0.017361,-0.022444,-0.113748,150.519000
2.948692,-0.814891,0.448932,0.017362,-0.022431,-0.113807,150.618000
2.949382,-0.817837,0.449427,0.017379,-0.022422,-0.114047,150.718000
2.951548,-0.830806,0.449817,0.017589,-0.022231,-0.123320,150.820000
2.949123,-0.837461,0.450212,0.017547,-0.022213,-0.121991,150.920000
2.945995,-0.838141,0.450734,0.017518,-0.022158,-0.121606,151.022000
2.943228,-0.838904,0.451250,0.017541,-0.022154,-0.121835,151.119000
2.940188,-0.839075,0.451787,0.017551,-0.022124,-0.121652,151.218000
2.935702,-0.850940,0.452106,0.017772,-0.021932,-0.131603,151.317000
2.934945,-0.849903,0.452690,0.017757,-0.021927,-0.130862,151.418000
2.933459,-0.848847,0.453266,0.017773,-0.021898,-0.130979,151.521000
2.932018,-0.848130,0.453818,0.017773,-0.021885,-0.131052,151.617000
2.931000,-0.847769,0.454399,0.017811,-0.021841,-0.131793,151.718000
2.929471,-0.846657,0.454942,0.017816,-0.021858,-0.131441,151.820000
2.928271,-0.845909,0.455524,0.017853,-0.021796,-0.131909,151.921000
2.926477,-0.856784,0.455917,0.018056,-0.021608,-0.141334,152.018000
2.922692,-0.856629,0.456422,0.018041,-0.021615,-0.140387,152.117000
2.918455,-0.856226,0.456906,0.018031,-0.021583,-0.140566,152.219000
2.904314,-0.871630,0.456919,0.018196,-0.021433,-0.147909,152.320000
2.890609,-0.874463,0.457163,0.018107,-0.021461,-0.144317,152.422000
2.879756,-0.878512,0.457504,0.018103,-0.021396,-0.144614,152.520000
2.868966,-0.880485,0.457914,0.018080,-0.021358,-0.144034,152.618000
2.858073,-0.882219,0.458331,0.018071,-0.021326,-0.143889,152.719000
2.847569,-0.883552,0.458762,0.018074,-0.021297,-0.144092,152.820000
2.842508,-0.885434,0.459348,0.018109,-0.021218,-0.145652,152.920000
2.834919,-0.896833,0.459736,0.018290,-0.021027,-0.154382,153.021000
2.827833,-0.901127,0.460270,0.018259,-0.021012,-0.152940,153.120000
2.821248,-0.904803,0.460863,0.018268,-0.020951,-0.153063,153.222000
2.813875,-0.905570,0.461484,0.018228,-0.020939,-0.151972,153.320000
2.805739,-0.914900,0.461967,0.018423,-0.020734,-0.161122,153.421000
2.802038,-0.917283,0.462650,0.018393,-0.020714,-0.160910,153.518000
2.798580,-0.919090,0.463400,0.018408,-0.020645,-0.161130,153.619000
2.794793,-0.920758,0.464164,0.018391,-0.020621,-0.160980,153.722000
2.790547,-0.929272,0.464810,0.018567,-0.020437,-0.169623,153.821000
2.789153,-0.926569,0.465685,0.018545,-0.020419,-0.169174,153.922000
2.788006,-0.924219,0.466540,0.018559,-0.020399,-0.169303,154.019000
2.786603,-0.922313,0.467342,0.018568,-0.020397,-0.169144,154.117000
2.784806,-0.921006,0.468113,0.018567,-0.020379,-0.169024,154.217000
2.782855,-0.919592,0.468881,0.018583,-0.020363,-0.168830,154.317000
2.781351,-0.918478,0.469590,0.018593,-0.020385,-0.168965,154.421000
2.779818,-0.917505,0.470288,0.018589,-0.020370,-0.168408,154.521000
2.775515,-0.928602,0.470723,0.018734,-0.020227,-0.175094,154.621000
2.773918,-0.931918,0.471391,0.018700,-0.020183,-0.174219,154.720000
2.769568,-0.945289,0.471811,0.018874,-0.020015,-0.183416,154.818000
2.773415,-0.946280,0.472638,0.018860,-0.019951,-0.183435,154.918000
