2.219066
40.862797
40.453693
41.038391
44.514515
42.869400
44.209305
39.899380
42.395538
43.131039
42.682835
41.827023
42.253296
41.099991
42.436863
42.131680
39.737431
42.917419
38.859715
36.705593
43.884060
42.487606
43.044525
47.420704
48.247643
46.400108
54.257774
55.939728
55.145741
54.461185
55.580662
61.227818
53.745255
61.691536
54.445850
60.124203
54.853878
59.721169
57.749157
55.231091
61.414436
61.329628
63.308296
64.303505
64.061760
58.142151
66.115936
62.092190
65.404526
61.615177
62.251072
57.429695
55.748123
58.963924
59.720840
57.757767
64.407501
55.798222
58.776447
59.712975
53.139481
45.817909
47.674805
38.590664
39.705303
39.799004
38.339943
34.262524
32.104507
34.848473
35.290249
38.016918
43.067135
38.497742
41.349453
49.348118
47.480064
49.510509
45.160652
46.585148
50.254147
49.924664
46.537926
55.961750
54.551155
49.989758
55.825161
49.642681
44.652744
50.823147
44.703331
39.990807
39.644039
40.337513
43.150078
40.164566
40.576500
39.483639
44.346058
37.335720
40.853367
36.960773
42.269203
35.837852
35.025757
37.562420
40.367035
35.555828
35.653358
39.673512
35.669285
38.824638
35.192200
39.353882
35.781433
36.430546
36.484989
35.459965
34.893585
33.436993
35.569717
36.200974
35.380478
36.431103
37.068550
35.041363
33.899616
34.243237
37.831680
39.189724
39.711117
37.047878
35.883904
35.917717
36.628468
39.713371
37.713875
37.653522
40.944031
36.614933
38.131908
37.850616
36.418514
34.896210
35.460064
39.650528
41.583195
34.598915
37.889217
36.354691
36.800877
35.751087
36.813236
38.484207
35.541866
39.992592
38.260696
36.962917
38.054272
39.702721
38.395615
37.340813
34.956524
35.973244
37.597015
46.056080
36.409611
36.565388
35.336697
34.242065
37.904152
36.741657
34.693962
34.197666
39.379208
35.988438
37.550003
35.010406
34.558174
36.892887
39.482800
36.626392
38.786205
37.544003
36.036140
38.565071
35.876286
40.555557
35.816429
35.867870
35.244431
36.663288
37.960209
38.000431
37.170498
40.156288
38.414219
37.247231
38.365456
36.528397
37.777447
35.644440
38.711796
36.324169
36.521420
39.522972
38.894657
36.299503
35.983242
35.530296
34.914574
36.552094
36.240803
36.502270
36.610008
37.612923
37.680454
40.870716
35.163185
38.458729
35.701298
35.921242
38.742184
38.027710
33.975895
39.178638
36.084278
37.221771
38.009861
41.247185
37.754253
36.346851
37.687313
36.270256
35.153824
35.944466
42.696541
38.638435
37.570202
36.702579
36.536373
35.838146
36.379803
34.901608
36.111523
35.694637
39.036449
36.111469
34.754974
39.057438
40.698906
36.470203
38.376858
34.809605
41.283291
35.103310
39.465626
40.476971
36.794151
37.282314
37.575050
34.982529
37.048061
34.838940
34.975704
38.571453
38.881413
36.176186
35.510498
35.385670
36.548225
38.294952
38.016533
37.473755
34.790604
34.361862
35.227882
36.051838
36.347931
35.543301
37.885456
33.875465
33.283218
35.132160
36.099007
35.444065
34.776672
37.887875
37.719852
37.039963
37.064751
34.045750
35.851673
36.271416
35.806892
35.908215
36.901787
38.212387
37.775650
33.904488
35.868797
37.568535
36.877075
37.805733
37.085644
35.042164
35.430393
36.219181
35.239208
37.554543
32.829395
37.875622
36.578842
36.987656
34.484131
34.246803
36.665859
33.466942
32.912872
33.872070
36.991432
33.483166
32.317284
33.884991
32.080978
33.002289
36.154652
31.356033
32.334675
33.222038
32.426327
32.831596
36.453861
35.383289
29.251619
31.934538
32.339294
29.956152
32.371552
34.186516
33.261333
33.455173
32.333405
36.072048
34.885235
34.305832
38.031311
38.087597
38.299431
38.098690
38.252457
37.047779
41.671890
39.091366
38.883179
38.380161
39.136303
40.041355
40.181252
39.456787
42.145176
39.915962
40.083988
40.785877
37.492207
38.785130
39.982506
37.155350
37.428135
39.560776
40.432926
36.129200
32.973457
31.164513
31.305937
32.255463
29.412762
29.932655
32.772240
29.902756
28.987661
30.685411
33.484016
35.733696
42.350353
50.077175
46.665012
45.309456
47.820240
48.080997
43.504810
42.664787
43.079193
43.999657
43.592274
52.196026
51.496960
46.782921
53.924641
58.544403
54.624428
56.428848
58.826015
56.992260
49.759350
51.238663
54.451912
61.183819
60.832298
66.183929
63.278458
64.378334
71.885849
69.174492
65.468155
69.931946
68.545593
70.844559
67.933815
68.457512
72.448212
71.476250
72.943222
67.463020
72.106750
73.441132
71.418594
74.709702
73.291382
68.473320
75.301178
71.111160
69.299362
69.054932
66.704094
66.374741
67.413963
67.846451
66.736794
70.820076
76.105797
69.776039
74.732231
74.079819
78.658485
83.460342
79.990036
83.293915
88.117912
81.311928
73.125374
65.878403
53.465694
61.560871
58.749119
54.536961
52.972717
51.553017
53.780582
51.242882
51.700569
46.648567
47.962147
43.277676
45.018574
48.316315
39.996284
35.092751
33.451511
31.563334
30.829830
27.893387
32.903027
29.412098
29.902819
30.400745
28.852358
30.681763
29.476213
32.095161
27.301945
27.093779
29.079788
35.257469
41.050430
41.875221
44.890316
50.327625
51.487541
51.213966
51.704056
45.767101
45.199665
37.967041
36.178837
28.725042
27.652243
25.724398
25.955294
25.615269
26.588573
25.152950
24.000311
24.008514
25.115183
26.181576
25.246399
24.590239
28.722208
26.920055
28.426197
28.251503
27.680269
26.865690
24.780384
31.273363
36.119904
33.435505
38.431225
46.948959
41.713726
48.496868
45.663277
47.057129
46.815819
48.135750
45.929665
46.502098
42.489452
32.976189
30.047388
30.084055
25.266087
24.038097
23.144699
25.711475
26.341728
25.350756
25.356142
24.855139
28.807863
24.486258
28.707329
23.840237
24.837456
23.272493
29.606197
26.639988
34.950027
41.691181
45.096008
47.427464
49.840309
48.837994
51.251617
53.359653
51.238026
42.972923
42.390999
34.875557
33.781982
31.537317
32.410538
35.885590
32.878300
34.856853
27.958916
32.392529
32.498707
36.878857
36.265285
34.375263
38.443497
36.044033
35.636204
34.862068
33.358322
34.153675
37.310028
39.566219
36.961071
41.797260
49.680084
53.217754
51.589035
59.351986
60.423374
65.597496
70.826851
83.499741
99.980179
102.042603
99.357567
96.574341
102.555641
104.443481
101.078400
97.615013
87.659279
76.708992
76.336456
71.717545
74.513847
78.623322
74.966026
74.684761
82.170212
78.263329
75.337929
68.208389
68.516159
70.981476
66.310265
66.523224
62.625660
67.501099
63.961517
64.904694
61.712845
65.242485
62.947926
64.353531
65.396996
66.336311
66.329666
65.151939
62.323486
63.243855
67.924149
65.213058
65.480080
65.305550
64.885521
66.345390
65.430939
69.320137
64.856117
66.807045
66.901154
66.100822
66.135078
66.244278
66.412422
66.409027
69.546593
67.398033
68.391670
68.682823
67.380943
65.967651
67.777405
63.802052
66.162880
65.957909
68.494072
65.114616
66.644051
65.377350
65.042290
64.217697
69.721519
63.499939
67.401543
66.401794
69.545372
69.714119
68.742355
68.417862
68.479012
68.158157
68.066048
70.602661
71.461113
67.152130
65.651009
68.507866
69.697708
71.254456
68.442284
64.773689
65.545578
66.295296
66.382347
65.763100
68.048630
65.724121
64.956688
67.112617
64.318413
67.723007
70.058517
70.239845
69.514824
70.765114
66.490738
66.646233
64.233665
63.792694
70.710342
69.695129
63.901592
63.411366
66.171074
69.641235
68.166100
66.711838
69.231659
69.455269
66.587090
65.222458
64.632538
66.409981
67.301140
69.225517
65.965851
68.170235
65.753510
71.044411
69.845818
66.594849
