0.000547,0.001417,-0.000011,-0.000017,0.000045,0.001153,83.018000
0.001185,0.002834,-0.000030,-0.000009,0.000020,0.001071,83.114000
0.001818,0.003813,-0.000055,-0.000032,0.000031,0.001049,83.218000
0.002528,0.005049,-0.000082,-0.000042,0.000024,0.001313,83.319000
0.003522,0.005876,-0.000116,-0.000022,0.000059,0.001370,83.415000
0.003950,0.006984,-0.000157,-0.000008,0.000071,0.001211,83.521000
0.004571,0.007897,-0.000208,0.000012,0.000105,0.001188,83.616000
0.005974,0.008422,-0.000271,-0.000015,0.000103,0.002557,83.717000
0.007495,0.008753,-0.000351,-0.000004,0.000117,0.002507,83.816000
0.008838,0.010898,-0.000434,-0.000018,0.000119,0.003428,83.916000
0.010110,0.012765,-0.000514,-0.000029,0.000139,0.003355,84.016000
0.018204,0.011379,-0.000843,-0.000129,-0.002003,0.002588,84.117000
0.071005,0.036091,-0.001393,-0.002049,0.001424,0.009082,84.221000
0.133768,0.059420,-0.001811,-0.001809,0.000653,0.011295,84.315000
0.207057,0.074157,-0.002329,0.001070,0.002388,0.013280,84.417000
0.279764,0.088875,-0.002915,0.002756,0.001802,0.013834,84.515000
0.356161,0.099380,-0.003512,0.007282,0.001815,0.014932,84.615000
0.427704,0.118472,-0.003977,0.009849,0.002087,0.051660,84.715000
0.508439,0.143259,-0.004799,0.011750,0.001025,0.122690,84.819000
0.584502,0.172322,-0.005430,0.007973,-0.002364,0.193871,84.915000
0.654984,0.197606,-0.006062,0.007550,-0.001282,0.288560,85.017000
0.722382,0.231843,-0.006863,0.011018,0.000822,0.390209,85.121000
0.794616,0.231312,-0.007913,0.011567,-0.002284,0.432369,85.215000
0.873352,0.265017,-0.008679,0.008248,-0.001193,0.471880,85.320000
0.944839,0.282732,-0.009459,0.008405,-0.002085,0.494047,85.414000
1.012391,0.336797,-0.009995,0.009152,-0.001232,0.512417,85.515000
1.092980,0.367403,-0.010855,0.008612,-0.000080,0.515857,85.619000
1.142427,0.419239,-0.011223,0.010415,-0.001203,0.523771,85.716000
1.217330,0.446363,-0.011969,0.009215,-0.000983,0.524302,85.818000
1.299538,0.480713,-0.012650,0.013483,0.000026,0.520770,85.915000
1.346598,0.543489,-0.012708,0.016596,-0.002185,0.530197,86.017000
1.426863,0.551062,-0.014286,0.017119,-0.001244,0.519993,86.119000
1.466630,0.618901,-0.014850,0.015167,-0.000595,0.535470,86.217000
1.570881,0.617680,-0.016774,0.014876,-0.000880,0.523671,86.320000
1.611819,0.683898,-0.017579,0.014650,0.000983,0.538190,86.416000
1.706211,0.692851,-0.019090,0.015994,-0.002310,0.527112,86.519000
1.751720,0.787898,-0.019324,0.015205,0.000613,0.544232,86.620000
1.824192,0.834228,-0.020319,0.011486,-0.000374,0.548467,86.717000
1.869205,0.940152,-0.020729,0.010812,-0.000015,0.593835,86.818000
1.960217,0.990239,-0.020945,0.011305,-0.004790,0.665399,86.918000
2.033417,1.073227,-0.021152,0.011764,-0.001779,0.750542,87.018000
2.103173,1.135376,-0.021643,0.012042,-0.001884,0.841584,87.118000
2.132856,1.216362,-0.021433,0.018876,-0.003405,0.950716,87.220000
2.206039,1.228556,-0.021608,0.010679,-0.002941,1.027583,87.318000
2.269408,1.287197,-0.021620,0.014247,-0.001639,1.076866,87.419000
2.330528,1.348178,-0.021492,0.011609,-0.003038,1.114447,87.519000
2.391192,1.410441,-0.021065,0.010227,-0.006530,1.135644,87.618000
2.372451,1.498688,-0.020068,0.011393,-0.004997,1.189235,87.720000
2.393844,1.567859,-0.022239,0.014174,-0.006896,1.251447,87.816000
2.401573,1.645008,-0.024599,0.009143,-0.004040,1.305079,87.915000
2.412737,1.708397,-0.027089,0.007659,-0.003062,1.338213,88.016000
2.436525,1.771177,-0.029511,0.008909,-0.002930,1.357055,88.119000
2.455832,1.837031,-0.032409,0.006938,-0.002052,1.393281,88.218000
2.466388,1.911518,-0.035691,0.003903,-0.003347,1.449912,88.317000
2.476184,1.979574,-0.038931,0.005857,-0.002887,1.484045,88.416000
2.506134,2.048580,-0.042183,0.003405,-0.001292,1.510643,88.520000
2.534561,2.117952,-0.045421,0.003250,-0.000199,1.524120,88.619000
2.555302,2.179263,-0.048637,0.004325,-0.000636,1.531137,88.720000
2.559814,2.234710,-0.051874,0.002926,0.000352,1.533696,88.819000
2.583901,2.292900,-0.055309,0.000799,0.000325,1.535020,88.919000
2.585257,2.347551,-0.058866,-0.003324,0.002495,1.534955,89.017000
2.577440,2.433269,-0.062541,-0.003868,0.004188,1.531208,89.119000
2.569650,2.521764,-0.066318,-0.002294,0.005010,1.536558,89.217000
2.573208,2.577313,-0.069836,0.000587,0.005353,1.530403,89.318000
2.585647,2.644950,-0.073482,0.002370,0.005817,1.531778,89.416000
2.584855,2.706898,-0.077104,0.000832,0.004656,1.529062,89.520000
2.627319,2.784013,-0.080932,0.000912,0.002938,1.529272,89.620000
2.653741,2.822857,-0.084408,-0.000020,-0.000497,1.559684,89.721000
2.645302,2.907308,-0.087864,-0.004895,-0.000643,1.626382,89.819000
2.629355,2.990709,-0.091107,-0.006266,-0.001941,1.708991,89.917000
2.607184,3.032247,-0.094553,-0.005065,-0.001722,1.805037,90.020000
2.587344,3.099089,-0.098863,-0.007612,-0.003583,1.905418,90.119000
2.521962,3.124087,-0.103737,-0.008218,-0.001947,2.010501,90.221000
2.518176,3.185226,-0.107876,-0.010113,-0.003532,2.078697,90.317000
2.479635,3.220943,-0.112290,-0.007605,-0.002542,2.140719,90.416000
2.448626,3.231851,-0.117172,-0.002844,-0.002828,2.178269,90.519000
2.414857,3.298791,-0.121662,-0.002809,-0.005351,2.199682,90.623000
2.354616,3.337632,-0.126256,-0.002206,-0.007098,2.240219,90.719000
2.313419,3.379981,-0.130994,-0.003712,-0.005198,2.304881,90.823000
2.263010,3.418026,-0.136005,-0.007820,-0.001917,2.377493,90.918000
2.203478,3.460066,-0.140749,-0.010421,-0.005067,2.469468,91.017000
2.149013,3.492330,-0.145473,-0.012349,-0.005496,2.564777,91.117000
2.102518,3.529438,-0.150506,-0.013731,-0.002070,2.663580,91.219000
2.044069,3.517134,-0.156238,-0.015520,-0.001166,2.725815,91.316000
1.980867,3.529605,-0.161471,-0.017780,-0.003093,2.763683,91.417000
1.958192,3.529203,-0.166816,-0.020495,-0.002057,2.810199,91.516000
1.912232,3.571513,-0.171234,-0.028115,-0.002122,2.825227,91.625000
1.868823,3.587296,-0.176501,-0.026898,-0.001732,2.840738,91.718000
1.825293,3.603563,-0.181798,-0.023293,-0.000342,2.846955,91.817000
1.759133,3.614221,-0.187610,-0.026308,-0.000715,2.843218,91.919000
1.666450,3.621846,-0.193807,-0.026710,0.002098,2.873681,92.021000
1.586558,3.614166,-0.200326,-0.024866,0.005701,2.934945,92.121000
1.523997,3.586809,-0.206998,-0.021692,0.006157,3.004382,92.216000
1.462613,3.586310,-0.213303,-0.027567,0.007112,3.072778,92.320000
1.424686,3.586287,-0.219290,-0.026398,0.006424,3.113809,92.417000
1.386366,3.584735,-0.225510,-0.024061,0.012232,-3.141217,92.518000
1.341294,3.587207,-0.231539,-0.022240,0.009863,-3.127415,92.621000
1.296200,3.581341,-0.237839,-0.026448,0.009552,-3.111649,92.719000
1.251511,3.578557,-0.244253,-0.026893,0.011115,-3.104529,92.820000
1.210321,3.564581,-0.250906,-0.027645,0.010292,-3.094392,92.916000
1.180116,3.558156,-0.257328,-0.028747,0.011533,-3.094251,93.019000
1.155528,3.551162,-0.263801,-0.026811,0.015190,-3.092016,93.119000
1.113486,3.553740,-0.270213,-0.025349,0.014066,-3.095900,93.220000
1.075824,3.545987,-0.276859,-0.021581,0.015696,-3.086055,93.317000
1.033813,3.548547,-0.283189,-0.022790,0.012507,-3.082154,93.418000
0.990092,3.544461,-0.289823,-0.021712,0.015190,-3.081522,93.521000
0.953021,3.535755,-0.296526,-0.022366,0.016994,-3.083046,93.617000
0.908649,3.526678,-0.303029,-0.021847,0.013863,-3.076145,93.720000
0.867565,3.533077,-0.309173,-0.020406,0.014315,-3.074316,93.819000
0.826651,3.524519,-0.315669,-0.021094,0.015114,-3.071641,93.919000
0.787669,3.523317,-0.322034,-0.018222,0.015398,-3.074683,94.019000
0.748409,3.519666,-0.328473,-0.019682,0.018593,-3.062852,94.120000
0.719705,3.525188,-0.334499,-0.019043,0.017945,-3.065876,94.223000
0.686038,3.514269,-0.340956,-0.015971,0.019461,-3.059159,94.321000
0.644652,3.495706,-0.347636,-0.016936,0.019834,-3.054362,94.420000
0.608913,3.490265,-0.353817,-0.014818,0.016837,-3.057845,94.517000
0.576148,3.494772,-0.359839,-0.016882,0.018681,-3.047812,94.620000
0.554742,3.497747,-0.365637,-0.019327,0.017440,-3.047523,94.716000
0.541163,3.494917,-0.371399,-0.019441,0.016864,-3.046669,94.819000
0.527980,3.492170,-0.377138,-0.019195,0.016580,-3.047051,94.920000
0.523247,3.481533,-0.382925,-0.019532,0.016552,-3.044271,95.022000
0.518545,3.471662,-0.388689,-0.019719,0.016492,-3.044328,95.119000
0.518935,3.466199,-0.394284,-0.019801,0.016420,-3.044123,95.222000
0.518282,3.462483,-0.399845,-0.019934,0.016442,-3.044173,95.318000
0.512965,3.465901,-0.405332,-0.020163,0.016384,-3.045540,95.419000
0.510668,3.459441,-0.410977,-0.020380,0.016351,-3.043271,95.519000
0.507945,3.466083,-0.416349,-0.020584,0.016291,-3.045930,95.618000
0.505174,3.471877,-0.421732,-0.020800,0.016155,-3.046156,95.719000
0.502343,3.476979,-0.427121,-0.020999,0.016055,-3.046132,95.821000
0.532388,3.482708,-0.432026,-0.021304,0.015874,-3.052111,95.917000
0.526284,3.487140,-0.437445,-0.021662,0.015966,-3.054090,96.019000
0.527141,3.479044,-0.443052,-0.021915,0.016043,-3.049621,96.120000
0.527199,3.477306,-0.448514,-0.022128,0.015968,-3.050255,96.217000
0.526902,3.475597,-0.453974,-0.022526,0.015954,-3.050246,96.320000
0.526758,3.474451,-0.459406,-0.022807,0.015915,-3.049981,96.420000
0.526332,3.473556,-0.464826,-0.023027,0.015870,-3.049899,96.516000
0.525893,3.473037,-0.470220,-0.023266,0.015790,-3.050021,96.617000
0.525496,3.472387,-0.475605,-0.023427,0.015741,-3.049620,96.719000
0.525357,3.471943,-0.480983,-0.023605,0.015650,-3.049500,96.818000
0.525217,3.471480,-0.486364,-0.023960,0.015690,-3.049494,96.917000
0.525485,3.471382,-0.491717,-0.024181,0.015691,-3.048635,97.017000
0.525622,3.471455,-0.497047,-0.024421,0.015664,-3.048893,97.119000
0.525617,3.471648,-0.502374,-0.024687,0.015651,-3.048795,97.216000
0.524719,3.469800,-0.507746,-0.024787,0.015675,-3.046062,97.317000
0.523555,3.468423,-0.513099,-0.024941,0.015639,-3.046210,97.419000
0.522680,3.466985,-0.518450,-0.025198,0.015580,-3.046095,97.519000
0.522189,3.466272,-0.523757,-0.025317,0.015548,-3.046012,97.617000
0.521403,3.456538,-0.529293,-0.025469,0.015551,-3.042024,97.719000
0.519086,3.454997,-0.534628,-0.025703,0.015567,-3.041803,97.820000
0.516892,3.454349,-0.539927,-0.025759,0.015493,-3.041538,97.919000
0.516541,3.452022,-0.545240,-0.026041,0.015424,-3.042324,98.021000
0.516075,3.450298,-0.550521,-0.026270,0.015392,-3.042195,98.121000
0.515550,3.449477,-0.555768,-0.026540,0.015285,-3.042252,98.221000
0.515189,3.448950,-0.560990,-0.026692,0.015261,-3.042184,98.321000
0.514544,3.436454,-0.566544,-0.026769,0.015389,-3.037054,98.419000
0.514492,3.428071,-0.571994,-0.026969,0.015376,-3.036873,98.518000
0.527666,3.434058,-0.576876,-0.027222,0.015156,-3.040314,98.617000
0.540171,3.439312,-0.581761,-0.027455,0.015130,-3.040264,98.721000
0.546306,3.428128,-0.587190,-0.027644,0.015369,-3.033587,98.821000
0.549227,3.427686,-0.592344,-0.027863,0.015260,-3.034849,98.920000
0.552037,3.426988,-0.597514,-0.028133,0.015280,-3.034596,99.017000
0.554995,3.426739,-0.602659,-0.028315,0.015246,-3.034533,99.120000
0.557849,3.426693,-0.607798,-0.028584,0.015230,-3.034174,99.216000
0.560394,3.426977,-0.612925,-0.028820,0.015210,-3.034013,99.316000
0.562980,3.427466,-0.618033,-0.029263,0.015225,-3.033882,99.416000
0.596953,3.431926,-0.622630,-0.029618,0.014807,-3.046523,99.519000
0.608343,3.428832,-0.627657,-0.029864,0.014675,-3.045482,99.620000
0.615910,3.431041,-0.632558,-0.030156,0.014596,-3.046000,99.720000
0.619700,3.420843,-0.637877,-0.030300,0.014719,-3.042116,99.817000
0.633200,3.425600,-0.642613,-0.030464,0.014598,-3.042193,99.916000
0.646389,3.429483,-0.647369,-0.030692,0.014624,-3.042118,100.021000
0.658828,3.433232,-0.652139,-0.030921,0.014640,-3.041931,100.121000
0.668157,3.436926,-0.656936,-0.031093,0.014588,-3.042295,100.221000
0.676949,3.440415,-0.661734,-0.031296,0.014584,-3.042187,100.321000
0.688919,3.450222,-0.666272,-0.031557,0.014450,-3.046285,100.418000
0.698624,3.455370,-0.670968,-0.031872,0.014464,-3.045655,100.518000
0.703768,3.448113,-0.676122,-0.032011,0.014575,-3.040810,100.617000
0.707099,3.446103,-0.681078,-0.032116,0.014343,-3.041140,100.719000
0.710205,3.443633,-0.686047,-0.032332,0.014298,-3.040911,100.816000
0.712938,3.441693,-0.691005,-0.032482,0.014348,-3.040973,100.917000
0.715729,3.437948,-0.696023,-0.032713,0.014324,-3.039099,101.017000
0.718706,3.434862,-0.701009,-0.032901,0.014286,-3.039061,101.120000
0.721346,3.436602,-0.705827,-0.033206,0.014157,-3.039634,101.220000
0.731412,3.424374,-0.711025,-0.033329,0.014376,-3.032507,101.323000
0.720335,3.427265,-0.715926,-0.033576,0.014301,-3.034132,101.417000
0.713282,3.431083,-0.720750,-0.033769,0.014202,-3.033985,101.519000
0.706476,3.433981,-0.725590,-0.033917,0.014153,-3.033916,101.617000
0.725075,3.432943,-0.730312,-0.034244,0.014147,-3.032098,101.717000
0.727009,3.435973,-0.735053,-0.034468,0.014113,-3.033283,101.817000
0.730256,3.423118,-0.740336,-0.034595,0.014332,-3.027471,101.916000
0.759757,3.439249,-0.744298,-0.034763,0.014140,-3.030865,102.019000
0.771030,3.440410,-0.748974,-0.035022,0.014292,-3.030686,102.120000
0.778557,3.437655,-0.753811,-0.035173,0.014257,-3.030859,102.217000
0.785799,3.435222,-0.758624,-0.035442,0.014256,-3.030720,102.321000
0.792562,3.432976,-0.763434,-0.035679,0.014224,-3.030720,102.419000
0.799082,3.429010,-0.768305,-0.035866,0.014216,-3.029134,102.516000
0.807464,3.427500,-0.773062,-0.036052,0.014213,-3.028371,102.619000
0.814993,3.426178,-0.777807,-0.036265,0.014158,-3.028450,102.716000
0.822283,3.424983,-0.782548,-0.036583,0.014191,-3.028359,102.818000
0.828758,3.423783,-0.787291,-0.036905,0.014194,-3.028436,102.917000
0.834957,3.422824,-0.792027,-0.037111,0.014072,-3.028421,103.018000
0.840482,3.422227,-0.796749,-0.037322,0.014063,-3.028413,103.118000
0.846125,3.421571,-0.801464,-0.037513,0.014021,-3.028091,103.217000
0.851442,3.421536,-0.806143,-0.037641,0.014006,-3.028141,103.320000
0.856091,3.421661,-0.810817,-0.037918,0.013952,-3.028102,103.419000
0.860090,3.421201,-0.815503,-0.038195,0.013913,-3.028046,103.520000
0.864209,3.421342,-0.820169,-0.038418,0.013978,-3.028034,103.617000
0.861167,3.420546,-0.824931,-0.038604,0.013951,-3.029344,103.716000
0.858375,3.419575,-0.829692,-0.038842,0.013893,-3.029275,103.819000
0.855915,3.418941,-0.834439,-0.039006,0.013864,-3.029719,103.918000
0.853257,3.416787,-0.839240,-0.039173,0.013927,-3.027164,104.017000
0.850599,3.415102,-0.844028,-0.039278,0.013952,-3.027119,104.118000
0.848016,3.413065,-0.848826,-0.039484,0.013885,-3.027324,104.217000
0.846213,3.410972,-0.853617,-0.039648,0.013842,-3.027116,104.318000
0.844858,3.409080,-0.858391,-0.039783,0.013811,-3.027067,104.420000
0.849018,3.419293,-0.862610,-0.040003,0.013526,-3.032816,104.519000
0.858666,3.418627,-0.867212,-0.040112,0.013556,-3.031612,104.618000
0.868190,3.418780,-0.871751,-0.040253,0.013396,-3.031533,104.721000
0.876057,3.422748,-0.876135,-0.040415,0.013360,-3.030844,104.821000
0.883422,3.426607,-0.880511,-0.040636,0.013348,-3.030897,104.919000
0.890235,3.430082,-0.884905,-0.040893,0.013286,-3.030910,105.017000
0.896687,3.433248,-0.889297,-0.041158,0.013297,-3.031035,105.117000
0.903093,3.435807,-0.893706,-0.041420,0.013312,-3.030889,105.218000
0.908925,3.438241,-0.898124,-0.041807,0.013247,-3.031055,105.319000
0.913922,3.440950,-0.902521,-0.042031,0.013220,-3.030982,105.418000
0.916830,3.430891,-0.907481,-0.042201,0.013435,-3.025941,105.517000
0.920682,3.424830,-0.912252,-0.042390,0.013375,-3.025685,105.619000
0.915017,3.415025,-0.917263,-0.042573,0.013520,-3.021986,105.721000
0.908262,3.420280,-0.921624,-0.042843,0.013261,-3.026765,105.822000
0.906331,3.420426,-0.926171,-0.043072,0.013223,-3.026032,105.918000
0.906255,3.407174,-0.931297,-0.043197,0.013389,-3.021430,106.017000
0.914971,3.409551,-0.935653,-0.043457,0.013288,-3.022083,106.122000
0.923623,3.411671,-0.940014,-0.043686,0.013253,-3.021954,106.222000
0.931309,3.413641,-0.944374,-0.043978,0.013221,-3.022123,106.321000
0.937601,3.410059,-0.948985,-0.044153,0.013236,-3.021087,106.421000
0.944084,3.407333,-0.953547,-0.044241,0.013215,-3.021012,106.521000
0.944018,3.394511,-0.958620,-0.044434,0.013454,-3.016326,106.621000
0.950774,3.391963,-0.963168,-0.044599,0.013394,-3.016489,106.720000
0.956715,3.389783,-0.967704,-0.044842,0.013324,-3.016472,106.822000
0.990771,3.397976,-0.971540,-0.044943,0.013062,-3.019901,106.918000
0.987571,3.400455,-0.975897,-0.045135,0.013048,-3.021816,107.019000
0.984428,3.402863,-0.980247,-0.045356,0.013010,-3.021837,107.121000
0.981778,3.405082,-0.984597,-0.045716,0.012899,-3.021900,107.220000
0.982046,3.393080,-0.989591,-0.045929,0.013015,-3.018605,107.320000
0.974362,3.388133,-0.994316,-0.046158,0.012968,-3.019112,107.416000
0.967424,3.383685,-0.999016,-0.046291,0.012974,-3.018824,107.518000
0.960595,3.380059,-1.003685,-0.046428,0.012972,-3.018929,107.620000
0.986883,3.390336,-1.007452,-0.046649,0.012700,-3.022994,107.719000
0.978497,3.395418,-1.011695,-0.046939,0.012683,-3.025068,107.820000
0.974445,3.395642,-1.016134,-0.047121,0.012656,-3.024585,107.916000
0.970600,3.396320,-1.020545,-0.047385,0.012604,-3.024770,108.018000
0.968977,3.383147,-1.025598,-0.047500,0.012764,-3.020257,108.117000
0.971073,3.382461,-1.030015,-0.047512,0.012727,-3.019437,108.219000
0.972415,3.381825,-1.034434,-0.047744,0.012672,-3.019531,108.321000
0.973378,3.381927,-1.038816,-0.048071,0.012666,-3.019655,108.416000
0.974272,3.381824,-1.043201,-0.048254,0.012670,-3.019747,108.518000
0.973337,3.379207,-1.047718,-0.048469,0.012637,-3.019472,108.620000
0.973541,3.378206,-1.052132,-0.048608,0.012603,-3.019259,108.721000
0.973612,3.381262,-1.056334,-0.048736,0.012504,-3.020109,108.818000
0.974055,3.383996,-1.060542,-0.048958,0.012513,-3.020062,108.916000
0.972280,3.384597,-1.064857,-0.049146,0.012402,-3.020819,109.018000
0.970340,3.384476,-1.069208,-0.049350,0.012310,-3.021517,109.119000
0.968549,3.384227,-1.073549,-0.049530,0.012278,-3.021333,109.217000
0.967240,3.383722,-1.077896,-0.049701,0.012260,-3.020313,109.316000
0.966255,3.383045,-1.082240,-0.049850,0.012187,-3.020396,109.417000
0.964477,3.382415,-1.086581,-0.050000,0.012159,-3.020710,109.516000
0.962842,3.382481,-1.090871,-0.050196,0.012193,-3.019818,109.619000
0.961610,3.382150,-1.095172,-0.050335,0.012122,-3.019699,109.718000
0.960111,3.382308,-1.099446,-0.050533,0.012063,-3.019794,109.818000
0.958870,3.382148,-1.103731,-0.050752,0.012033,-3.020525,109.918000
0.956862,3.372633,-1.108490,-0.050856,0.012303,-3.015224,110.021000
0.955221,3.364019,-1.113201,-0.050939,0.012171,-3.015234,110.116000
0.953791,3.359503,-1.117692,-0.051121,0.012103,-3.015524,110.219000
0.952207,3.355909,-1.122137,-0.051380,0.012100,-3.015570,110.317000
0.951052,3.351583,-1.126619,-0.051549,0.012170,-3.014823,110.422000
0.949560,3.347843,-1.131074,-0.051636,0.012127,-3.014877,110.520000
0.948238,3.344739,-1.135491,-0.051826,0.012080,-3.014790,110.621000
0.947574,3.340385,-1.139977,-0.051883,0.012161,-3.012456,110.717000
0.946828,3.336653,-1.144428,-0.051998,0.012173,-3.012456,110.820000
0.946112,3.326553,-1.149221,-0.052122,0.012291,-3.008669,110.919000
0.946574,3.319323,-1.153847,-0.052144,0.012209,-3.008647,111.016000
0.943141,3.314425,-1.158363,-0.052287,0.012197,-3.007031,111.117000
0.945226,3.314058,-1.162576,-0.052352,0.012159,-3.006541,111.220000
0.947333,3.314105,-1.166759,-0.052510,0.012220,-3.006235,111.320000
0.943331,3.310486,-1.171164,-0.052649,0.012271,-3.005218,111.416000
0.939639,3.305387,-1.175641,-0.052795,0.012406,-3.002988,111.519000
0.936064,3.300823,-1.180089,-0.053028,0.012398,-3.002982,111.616000
0.932753,3.296912,-1.184494,-0.053133,0.012399,-3.002901,111.723000
0.926577,3.295306,-1.188783,-0.053324,0.012321,-3.003248,111.821000
0.937497,3.306993,-1.192253,-0.053516,0.011963,-3.008258,111.920000
0.949264,3.313310,-1.195987,-0.053675,0.012045,-3.007616,112.017000
0.960818,3.319037,-1.199742,-0.053865,0.012058,-3.007634,112.119000
0.959638,3.320812,-1.203777,-0.054165,0.011938,-3.008969,112.220000
0.958901,3.322213,-1.207822,-0.054354,0.011903,-3.008861,112.321000
0.958743,3.323397,-1.211870,-0.054667,0.011839,-3.008813,112.417000
0.959060,3.324854,-1.215886,-0.054868,0.011841,-3.008665,112.517000
0.958490,3.320671,-1.220221,-0.055127,0.011887,-3.006253,112.620000
0.957040,3.318259,-1.224458,-0.055253,0.011835,-3.006445,112.719000
0.946483,3.323332,-1.228302,-0.055376,0.011704,-3.008543,112.817000
0.951938,3.316475,-1.232749,-0.055471,0.011864,-3.005945,112.919000
0.953467,3.313170,-1.237016,-0.055640,0.011760,-3.006264,113.017000
0.954784,3.310515,-1.241266,-0.055934,0.011836,-3.006161,113.117000
0.955772,3.308364,-1.245483,-0.056085,0.011840,-3.006190,113.217000
0.956110,3.306643,-1.249665,-0.056063,0.011749,-3.006263,113.316000
0.956404,3.305094,-1.253846,-0.056262,0.011764,-3.006266,113.417000
0.957145,3.304380,-1.257973,-0.056457,0.011711,-3.006368,113.520000
0.957412,3.303911,-1.262066,-0.056552,0.011509,-3.006376,113.618000
0.957411,3.303899,-1.266129,-0.056609,0.011432,-3.006440,113.716000
0.957883,3.303992,-1.270179,-0.056795,0.011444,-3.005836,113.818000
0.958203,3.303824,-1.274241,-0.057010,0.011408,-3.005850,113.918000
0.961516,3.297211,-1.278659,-0.057069,0.011596,-3.002256,114.017000
0.958669,3.298032,-1.282657,-0.057182,0.011502,-3.003542,114.117000
0.955323,3.298475,-1.286675,-0.057403,0.011472,-3.003627,114.216000
0.952416,3.299126,-1.290682,-0.057601,0.011407,-3.003654,114.322000
0.947186,3.302401,-1.294149,-0.056562,0.012077,-3.020863,114.419000
0.927692,3.294708,-1.298326,-0.056966,0.012279,-3.017598,114.516000
0.910472,3.265037,-1.303735,-0.054739,0.014271,-3.004914,114.618000
0.876597,3.272627,-1.308156,-0.059969,0.013689,-3.009115,114.717000
0.843131,3.258007,-1.313729,-0.060365,0.010839,-3.005186,114.817000
0.792965,3.264619,-1.316985,-0.060980,0.012201,-3.001773,114.918000
0.749258,3.256989,-1.321858,-0.061907,0.014258,-3.001845,115.019000
0.704762,3.249833,-1.326671,-0.059565,0.014311,-3.002050,115.118000
0.700409,3.249377,-1.330280,-0.060954,0.017463,-2.999708,115.219000
0.661541,3.253144,-1.333806,-0.064949,0.015986,-3.008145,115.321000
0.621752,3.241604,-1.338256,-0.063370,0.015405,-3.006472,115.418000
0.592783,3.245591,-1.339909,-0.064470,0.014295,-3.007951,115.519000
0.560071,3.236102,-1.342309,-0.066695,0.010086,-3.004126,115.621000
0.507145,3.237662,-1.344253,-0.067766,0.015089,-3.004816,115.717000
0.460071,3.216771,-1.347661,-0.067344,0.015942,-3.009658,115.820000
0.413806,3.197773,-1.350921,-0.067477,0.015298,-3.008711,115.919000
0.369453,3.177529,-1.354197,-0.065706,0.013815,-3.011676,116.017000
0.345473,3.154243,-1.357798,-0.068501,0.016209,-2.975230,116.119000
0.322318,3.130582,-1.361344,-0.066004,0.019610,-2.911326,116.220000
0.298728,3.128738,-1.363468,-0.066768,0.023949,-2.864831,116.316000
0.274884,3.125290,-1.365600,-0.069373,0.026788,-2.827194,116.420000
0.250604,3.121939,-1.367651,-0.072143,0.026550,-2.807255,116.518000
0.226650,3.117223,-1.367822,-0.076310,0.030457,-2.794065,116.618000
0.200832,3.097523,-1.369178,-0.075525,0.032108,-2.779033,116.716000
0.176324,3.097495,-1.368897,-0.077655,0.030414,-2.770518,116.820000
0.150146,3.099262,-1.368420,-0.080001,0.027185,-2.808825,116.920000
0.114373,3.091425,-1.368288,-0.078693,0.027457,-2.819129,117.019000
0.094704,3.091778,-1.367551,-0.078938,0.028801,-2.862988,117.116000
0.066705,3.076766,-1.368207,-0.080943,0.027849,-2.886050,117.217000
0.042254,3.085125,-1.366611,-0.082220,0.026945,-2.886675,117.318000
0.007499,3.083365,-1.365913,-0.081108,0.027873,-2.899401,117.420000
-0.022003,3.070894,-1.366034,-0.084289,0.024395,-2.903220,117.519000
-0.073249,3.066254,-1.365720,-0.083294,0.020366,-2.906861,117.618000
-0.132895,3.071111,-1.364756,-0.081240,0.022634,-2.899585,117.717000
-0.190948,3.064474,-1.364712,-0.077589,0.022279,-2.895954,117.817000
-0.251472,3.065827,-1.364058,-0.076031,0.022814,-2.892851,117.918000
-0.332999,3.070074,-1.363220,-0.077112,0.021424,-2.876847,118.019000
-0.426966,3.063996,-1.363147,-0.075199,0.020669,-2.877445,118.119000
-0.522810,3.058676,-1.363127,-0.073876,0.021633,-2.875187,118.217000
-0.632072,3.058431,-1.362545,-0.076201,0.020291,-2.865695,118.317000
-0.740063,3.059418,-1.362090,-0.078420,0.020959,-2.862265,118.420000
-0.837380,3.056658,-1.362123,-0.081518,0.023673,-2.851607,118.521000
-0.941793,3.064340,-1.361281,-0.078514,0.023331,-2.849184,118.616000
-1.005230,3.044377,-1.362755,-0.078015,0.024332,-2.838097,118.717000
-1.094797,3.048913,-1.362220,-0.078086,0.025153,-2.828721,118.817000
-1.187022,3.039265,-1.362707,-0.077809,0.024033,-2.824996,118.917000
-1.283161,3.023691,-1.363796,-0.077533,0.025715,-2.820177,119.016000
-1.380599,3.009230,-1.364790,-0.080095,0.025965,-2.819457,119.117000
-1.475873,2.988298,-1.366718,-0.075106,0.026337,-2.816151,119.219000
-1.553997,2.973345,-1.368320,-0.081208,0.029642,-2.810860,119.321000
-1.621800,2.966696,-1.367687,-0.078536,0.028082,-2.809728,119.418000
-1.687016,2.952362,-1.368068,-0.081525,0.032649,-2.808934,119.519000
-1.756210,2.945280,-1.367940,-0.084127,0.035775,-2.801120,119.617000
-1.820194,2.923172,-1.369126,-0.087254,0.034835,-2.807062,119.717000
-1.886624,2.904240,-1.370648,-0.086642,0.032825,-2.803123,119.818000
-1.959113,2.895623,-1.371189,-0.087596,0.033536,-2.794502,119.917000
-2.049927,2.874491,-1.372751,-0.086948,0.032190,-2.786467,120.021000
-2.143291,2.851745,-1.374537,-0.086923,0.032054,-2.787800,120.117000
-2.239854,2.830666,-1.376453,-0.082818,0.035065,-2.784259,120.216000
-2.347980,2.808028,-1.378189,-0.079880,0.026940,-2.776980,120.317000
-2.463956,2.780705,-1.381260,-0.082202,0.029716,-2.764788,120.418000
-2.583303,2.751497,-1.384219,-0.079340,0.029927,-2.754729,120.520000
-2.711537,2.701143,-1.388349,-0.073493,0.024483,-2.745501,120.617000
-2.837469,2.666428,-1.391398,-0.069992,0.026481,-2.737186,120.720000
-2.973786,2.631842,-1.394242,-0.071847,0.025229,-2.741376,120.816000
-3.098295,2.602734,-1.396890,-0.067970,0.025550,-2.745612,120.916000
-3.223269,2.572680,-1.399198,-0.061898,0.020080,-2.744423,121.018000
-3.323366,2.545505,-1.401972,-0.058903,0.024812,-2.743647,121.117000
-3.429224,2.464788,-1.408410,-0.061704,0.023442,-2.668993,121.217000
-3.515063,2.392649,-1.414591,-0.062072,0.031274,-2.580964,121.318000
-3.635463,2.306303,-1.421434,-0.060072,0.032519,-2.509528,121.418000
-3.735631,2.299355,-1.422954,-0.065912,0.037855,-2.461832,121.517000
-3.842419,2.189612,-1.431118,-0.058915,0.035490,-2.433146,121.617000
-3.964522,2.117110,-1.436221,-0.058883,0.033738,-2.415658,121.718000
-4.006022,1.972638,-1.446763,-0.055000,0.035072,-2.363309,121.817000
-4.093281,1.881241,-1.453164,-0.058679,0.039609,-2.278173,121.918000
-4.122681,1.767822,-1.461847,-0.041702,0.052563,-2.149109,122.022000
-4.188627,1.675338,-1.468785,-0.032074,0.055235,-2.053327,122.119000
-4.277380,1.575223,-1.476335,-0.020005,0.058443,-2.017834,122.221000
-4.283062,1.438110,-1.485218,-0.012460,0.059320,-1.972535,122.317000
-4.358183,1.338398,-1.492393,-0.010170,0.059142,-1.967376,122.420000
-4.422538,1.214087,-1.501766,-0.010741,0.065019,-1.964696,122.517000
-4.470744,1.103327,-1.510046,-0.015241,0.060595,-1.957808,122.619000
-4.529350,0.987268,-1.518949,-0.019466,0.062607,-1.953568,122.721000
-4.563748,0.865001,-1.528176,-0.020740,0.063510,-1.954092,122.817000
-4.595029,0.742096,-1.537747,-0.024563,0.065740,-1.923880,122.917000
-4.612591,0.621725,-1.547240,-0.019709,0.067806,-1.844758,123.017000
-4.614423,0.504600,-1.556534,-0.011740,0.069815,-1.721750,123.117000
-4.610589,0.367979,-1.567268,-0.000939,0.071527,-1.618875,123.219000
-4.586551,0.245171,-1.577049,0.013356,0.072495,-1.489673,123.317000
-4.552580,0.120943,-1.586881,0.032159,0.070888,-1.347014,123.417000
-4.498758,0.008639,-1.595586,0.039680,0.065702,-1.196191,123.517000
-4.458115,-0.090149,-1.603471,0.038482,0.059576,-1.065471,123.620000
-4.365732,-0.180208,-1.610155,0.044733,0.050578,-0.920994,123.721000
-4.310611,-0.290751,-1.617814,0.051822,0.043818,-0.799265,123.819000
-4.276115,-0.366408,-1.623080,0.043972,0.039837,-0.729469,123.921000
-4.162022,-0.425272,-1.626319,0.059014,0.033560,-0.674898,124.017000
-4.080665,-0.524140,-1.633152,0.054962,0.036505,-0.645972,124.118000
-3.959368,-0.565252,-1.635577,0.061810,0.030891,-0.547249,124.220000
-3.861044,-0.613814,-1.639194,0.068986,0.031020,-0.439252,124.317000
-3.753483,-0.651162,-1.642033,0.077769,0.023922,-0.327710,124.417000
-3.668236,-0.705470,-1.646134,0.075699,0.014076,-0.220696,124.521000
-3.538977,-0.690449,-1.644856,0.072729,0.007039,-0.125515,124.617000
-3.416061,-0.723747,-1.646689,0.072384,-0.000611,-0.073266,124.717000
-3.286241,-0.730406,-1.646689,0.067361,-0.002585,-0.029359,124.816000
-3.152495,-0.753686,-1.647240,0.063347,-0.008614,-0.007051,124.917000
-3.039623,-0.752684,-1.646271,0.060759,-0.012502,0.014352,125.018000
-2.924258,-0.755740,-1.644505,0.062919,-0.015452,0.008511,125.118000
-2.791961,-0.747766,-1.641205,0.067824,-0.019929,0.018684,125.222000
-2.660285,-0.741313,-1.637724,0.067026,-0.023493,0.021411,125.317000
-2.509069,-0.729985,-1.634510,0.075104,-0.015188,0.029744,125.421000
-2.394360,-0.727852,-1.632667,0.073062,-0.014870,0.024644,125.516000
-2.271266,-0.719021,-1.630541,0.074754,-0.012265,0.025622,125.618000
-2.139367,-0.717588,-1.630202,0.067973,-0.010519,0.026914,125.719000
-2.007457,-0.716321,-1.630445,0.070665,-0.005205,0.026404,125.818000
-1.872506,-0.726107,-1.630895,0.067525,-0.008857,0.028965,125.919000
-1.736501,-0.731970,-1.630688,0.072156,-0.011151,0.028590,126.021000
-1.608101,-0.737711,-1.630371,0.070000,-0.013827,0.027214,126.116000
-1.484076,-0.741333,-1.630382,0.073214,-0.010206,0.033540,126.218000
-1.358460,-0.742415,-1.630044,0.073492,-0.011402,0.033111,126.317000
-1.207995,-0.747824,-1.629805,0.071595,-0.011229,0.026434,126.417000
-1.062161,-0.755569,-1.628929,0.073614,-0.016720,0.023064,126.521000
-0.916651,-0.763517,-1.627878,0.076149,-0.017164,0.021408,126.616000
-0.771923,-0.765355,-1.626495,0.073637,-0.017031,0.023608,126.718000
-0.662971,-0.763255,-1.626874,0.074675,-0.014168,0.022411,126.817000
-0.530322,-0.802638,-1.630435,0.076403,-0.004916,-0.048628,126.916000
-0.392438,-0.842230,-1.633167,0.078454,-0.003598,-0.149238,127.017000
-0.260140,-0.897584,-1.637826,0.074013,0.005827,-0.274632,127.118000
-0.145474,-0.940750,-1.641616,0.071756,0.012759,-0.388655,127.218000
-0.041010,-1.018459,-1.648649,0.061832,0.025887,-0.517226,127.319000
0.058801,-1.038274,-1.651841,0.063140,0.030533,-0.583133,127.419000
0.170018,-1.172824,-1.662660,0.057679,0.033585,-0.649869,127.521000
0.287619,-1.217478,-1.667279,0.063242,0.037066,-0.674049,127.619000
0.367335,-1.306371,-1.673598,0.060923,0.044253,-0.706121,127.719000
0.470479,-1.444118,-1.683851,0.051807,0.051872,-0.783532,127.823000
0.543047,-1.588364,-1.695824,0.052095,0.062311,-0.862201,127.921000
0.670786,-1.742242,-1.709000,0.048560,0.064451,-0.893403,128.020000
0.742331,-1.860244,-1.719341,0.050821,0.066472,-0.921777,128.122000
0.811116,-1.957340,-1.727859,0.049734,0.066591,-0.936487,128.218000
0.888024,-2.060362,-1.737111,0.046396,0.069022,-0.949009,128.321000
0.942016,-2.144869,-1.744402,0.046457,0.065237,-0.946800,128.423000
0.968349,-2.287061,-1.756853,0.047015,0.069271,-0.940599,128.522000
1.068947,-2.372147,-1.766294,0.045343,0.070660,-0.940891,128.618000
1.140786,-2.465370,-1.775937,0.041934,0.067353,-0.943335,128.718000
1.212333,-2.560547,-1.785856,0.038377,0.068625,-0.943225,128.819000
1.284844,-2.656086,-1.795726,0.034577,0.067546,-0.941350,128.918000
1.336094,-2.768943,-1.805834,0.023316,0.063101,-1.007974,129.017000
1.377300,-2.887763,-1.816094,0.020517,0.065355,-1.103417,129.122000
1.438590,-2.995592,-1.826150,0.015174,0.069328,-1.164745,129.218000
1.489518,-3.099985,-1.835402,0.007604,0.066432,-1.204846,129.320000
1.511614,-3.169625,-1.841661,0.010728,0.063121,-1.238728,129.421000
1.552054,-3.262028,-1.849598,0.007492,0.062226,-1.242562,129.519000
1.577871,-3.392431,-1.860935,0.009244,0.064070,-1.253159,129.619000
1.632351,-3.545161,-1.873988,0.010169,0.063327,-1.253809,129.721000
1.660998,-3.651261,-1.883507,0.011246,0.060629,-1.260960,129.819000
1.697101,-3.750589,-1.892623,0.015937,0.062054,-1.260703,129.923000
1.718462,-3.845101,-1.901313,0.015765,0.061022,-1.263211,130.021000
1.741005,-3.939586,-1.909665,0.018712,0.060184,-1.268397,130.120000
1.767703,-4.029985,-1.918109,0.019015,0.064658,-1.271343,130.222000
1.791598,-4.119419,-1.925594,0.024089,0.056529,-1.279199,130.321000
1.836594,-4.195536,-1.932485,0.020971,0.059326,-1.268274,130.422000
1.847842,-4.280370,-1.939808,0.024061,0.057644,-1.275313,130.519000
1.875899,-4.366786,-1.947097,0.018742,0.056187,-1.280372,130.622000
1.903441,-4.453288,-1.954345,0.017477,0.054852,-1.278611,130.720000
1.919192,-4.535464,-1.962109,0.020268,0.063310,-1.282427,130.823000
1.933976,-4.615851,-1.969695,0.016675,0.059364,-1.283666,130.920000
1.962708,-4.692847,-1.976890,0.021125,0.057492,-1.282152,131.022000
1.983582,-4.833851,-1.986798,0.018386,0.048857,-1.305408,131.120000
1.971794,-4.951919,-1.995770,0.018347,0.051980,-1.373694,131.220000
1.958619,-5.087136,-2.005362,0.012224,0.051571,-1.469364,131.318000
1.916951,-5.222505,-2.015025,0.000621,0.050939,-1.604153,131.421000
1.925735,-5.279795,-2.020419,0.004256,0.051152,-1.704414,131.518000
1.878278,-5.393905,-2.030136,-0.000362,0.055784,-1.845318,131.620000
1.819939,-5.503379,-2.040327,-0.007549,0.048869,-1.999977,131.721000
1.764992,-5.571239,-2.048795,-0.010081,0.053570,-2.139488,131.820000
1.700911,-5.671083,-2.060751,-0.022073,0.058502,-2.265152,131.919000
1.616777,-5.753963,-2.072048,-0.027263,0.054972,-2.396704,132.023000
1.529286,-5.831823,-2.083556,-0.033841,0.056161,-2.498359,132.121000
1.432603,-5.928815,-2.096208,-0.043204,0.051425,-2.559974,132.223000
1.330878,-6.022095,-2.107572,-0.042563,0.048788,-2.604859,132.319000
1.212998,-6.089320,-2.117798,-0.042923,0.049428,-2.642939,132.420000
1.153047,-6.168417,-2.127469,-0.036681,0.052233,-2.651650,132.522000
1.033992,-6.208419,-2.136926,-0.038811,0.054232,-2.664360,132.618000
0.952196,-6.273365,-2.146675,-0.037825,0.053326,-2.666594,132.718000
0.834492,-6.303191,-2.155140,-0.047105,0.052536,-2.679651,132.820000
0.719882,-6.371612,-2.166013,-0.043440,0.051962,-2.679120,132.918000
0.621775,-6.426672,-2.176213,-0.045034,0.057221,-2.682617,133.020000
0.524570,-6.467096,-2.185052,-0.041396,0.053052,-2.694012,133.121000
0.436490,-6.513102,-2.194086,-0.044445,0.054524,-2.694782,133.220000
0.365427,-6.556004,-2.206065,-0.042754,0.057406,-2.696383,133.317000
0.294429,-6.600669,-2.217912,-0.046377,0.056117,-2.699547,133.420000
0.224697,-6.644401,-2.229281,-0.043013,0.053087,-2.703815,133.522000
0.162063,-6.680665,-2.240845,-0.046924,0.049988,-2.710466,133.619000
0.101209,-6.722838,-2.253753,-0.049449,0.051072,-2.713110,133.719000
0.040709,-6.765050,-2.266766,-0.052943,0.049529,-2.712722,133.818000
-0.022507,-6.803010,-2.279130,-0.056282,0.044567,-2.711908,133.922000
-0.169181,-6.853867,-2.293778,-0.054040,0.044597,-2.719321,134.017000
-0.303836,-6.921803,-2.311625,-0.060136,0.047530,-2.716172,134.118000
-0.433545,-6.978698,-2.328690,-0.063499,0.051530,-2.717149,134.221000
-0.546177,-7.002887,-2.343230,-0.068890,0.053187,-2.733961,134.320000
-0.659620,-7.020391,-2.356018,-0.055721,0.047280,-2.795572,134.418000
-0.701690,-7.023924,-2.365237,-0.070676,0.043153,-2.913544,134.520000
-0.758118,-7.019446,-2.373341,-0.078923,0.038748,-3.006954,134.619000
-0.888509,-7.021565,-2.384139,-0.088085,0.028447,3.138647,134.718000
-1.040899,-6.966305,-2.390174,-0.088555,0.016572,3.013399,134.821000
-1.190793,-6.974912,-2.401527,-0.090183,0.009998,2.932207,134.917000
-1.402283,-6.910983,-2.406948,-0.089047,-0.011072,2.757690,135.018000
-1.392876,-6.858528,-2.407517,-0.097189,-0.018849,2.639539,135.119000
-1.600344,-6.779961,-2.412984,-0.099264,-0.029389,2.506990,135.218000
-1.510352,-6.714259,-2.408969,-0.095715,-0.036204,2.430979,135.318000
-1.586699,-6.605196,-2.405866,-0.080728,-0.051778,2.307697,135.421000
-1.657355,-6.506119,-2.403466,-0.064231,-0.061706,2.201999,135.519000
-1.721073,-6.402089,-2.400391,-0.065173,-0.068004,2.134976,135.621000
-1.795157,-6.308669,-2.400372,-0.060520,-0.067450,2.089957,135.717000
-1.878181,-6.218402,-2.400717,-0.056915,-0.069754,2.055240,135.818000
-1.955907,-6.062213,-2.395166,-0.060861,-0.073619,2.043185,135.920000
-1.995286,-5.994325,-2.397127,-0.055450,-0.074481,2.020065,136.021000
-2.100693,-5.846947,-2.392900,-0.051293,-0.074465,2.029952,136.120000
-2.137852,-5.756087,-2.392538,-0.051905,-0.075866,2.079415,136.218000
-2.199874,-5.615750,-2.387507,-0.049707,-0.075909,2.139855,136.318000
-2.256434,-5.514262,-2.386132,-0.050710,-0.073244,2.158725,136.418000
-2.337108,-5.412971,-2.384119,-0.059207,-0.074557,2.171876,136.519000
-2.407362,-5.316486,-2.383325,-0.059337,-0.067583,2.176435,136.621000
-2.474305,-5.231383,-2.383652,-0.064146,-0.066574,2.178319,136.722000
-2.543565,-5.147195,-2.383875,-0.067955,-0.069091,2.179483,136.817000
-2.607691,-5.069490,-2.384320,-0.073089,-0.068423,2.180539,136.919000
-2.676186,-5.006280,-2.386283,-0.074072,-0.067502,2.173878,137.020000
-2.743531,-4.948680,-2.388823,-0.080394,-0.072228,2.175551,137.117000
-2.790630,-4.826682,-2.384055,-0.082342,-0.072923,2.144928,137.217000
-2.830348,-4.704769,-2.379161,-0.065216,-0.081310,2.077655,137.317000
-2.854510,-4.579143,-2.373886,-0.084915,-0.087144,1.957346,137.420000
-2.898978,-4.493865,-2.375452,-0.093254,-0.094017,1.842803,137.517000
-2.895325,-4.350472,-2.366839,-0.092151,-0.105661,1.708197,137.617000
-2.916990,-4.221715,-2.361716,-0.088927,-0.117754,1.592492,137.717000
-2.902005,-4.069889,-2.350307,-0.091365,-0.122640,1.548459,137.821000
-2.875477,-3.961496,-2.342635,-0.080361,-0.127083,1.461988,137.919000
-2.858984,-3.837858,-2.334361,-0.077032,-0.128066,1.425622,138.017000
-2.839263,-3.714910,-2.325480,-0.069238,-0.132514,1.399567,138.118000
-2.801211,-3.538390,-2.309374,-0.064184,-0.130579,1.354749,138.221000
-2.714770,-3.454805,-2.298981,-0.056087,-0.126246,1.257956,138.317000
-2.663078,-3.330860,-2.287355,-0.029033,-0.131082,1.139794,138.420000
-2.612084,-3.244313,-2.280542,-0.011718,-0.130313,1.028585,138.520000
-2.578506,-3.182330,-2.277702,0.003066,-0.128959,0.890381,138.620000
-2.520502,-3.103421,-2.271284,0.011755,-0.127662,0.778107,138.718000
-2.436478,-3.043118,-2.264823,0.025614,-0.121989,0.673657,138.817000
-2.349158,-2.963420,-2.257005,0.026587,-0.119930,0.616661,138.918000
-2.262960,-2.896636,-2.250937,0.031228,-0.111934,0.584955,139.020000
-2.129250,-2.844110,-2.242003,0.027314,-0.113544,0.565057,139.120000
-2.075005,-2.790875,-2.238971,0.026456,-0.120776,0.549067,139.217000
-1.989893,-2.734436,-2.233220,0.025307,-0.117619,0.516866,139.318000
-1.865789,-2.660191,-2.222181,0.020270,-0.118373,0.526148,139.420000
-1.741210,-2.629913,-2.214049,0.015810,-0.112384,0.502273,139.522000
-1.665053,-2.548200,-2.207189,0.014761,-0.109719,0.517907,139.619000
-1.578955,-2.499226,-2.201192,0.017145,-0.113956,0.507241,139.719000
-1.509066,-2.437535,-2.192726,0.021132,-0.111254,0.515058,139.817000
-1.433591,-2.398197,-2.185647,0.021287,-0.115139,0.501342,139.918000
-1.365640,-2.329981,-2.177095,0.018503,-0.116352,0.512894,140.018000
-1.280998,-2.285576,-2.168764,0.018367,-0.116447,0.508600,140.121000
-1.200861,-2.239677,-2.160863,0.019743,-0.114460,0.506394,140.217000
-1.124118,-2.186326,-2.152700,0.019267,-0.116017,0.506894,140.318000
-1.046902,-2.135662,-2.144382,0.017846,-0.119180,0.508507,140.420000
-0.960713,-2.077340,-2.134629,0.020182,-0.119931,0.511966,140.520000
-0.875061,-2.018277,-2.124063,0.017525,-0.127879,0.513739,140.621000
-0.781365,-1.972051,-2.113705,0.015104,-0.127162,0.518804,140.721000
-0.689288,-1.917341,-2.103085,0.011520,-0.125051,0.519736,140.822000
-0.597736,-1.862873,-2.092546,0.008021,-0.125237,0.520798,140.917000
-0.505712,-1.808117,-2.082095,0.012068,-0.123471,0.523198,141.018000
-0.412969,-1.753493,-2.071784,0.009001,-0.123842,0.524497,141.119000
-0.303059,-1.679455,-2.058615,0.008308,-0.122980,0.522118,141.220000
-0.175772,-1.657242,-2.047884,0.006317,-0.118404,0.515154,141.320000
-0.053997,-1.593238,-2.034349,0.009188,-0.123286,0.514430,141.422000
0.032050,-1.530184,-2.024576,0.006424,-0.122720,0.559254,141.521000
0.136604,-1.419884,-2.008894,-0.006534,-0.119701,0.655337,141.622000
0.253935,-1.339113,-1.994225,-0.018225,-0.115902,0.766438,141.722000
0.313346,-1.261358,-1.985464,-0.029422,-0.112335,0.875876,141.818000
0.369441,-1.131358,-1.973962,-0.041060,-0.102067,1.019316,141.918000
0.446666,-1.029603,-1.962425,-0.054466,-0.097769,1.135833,142.020000
0.457510,-0.868941,-1.953335,-0.062266,-0.088981,1.228308,142.117000
0.514953,-0.693555,-1.938573,-0.064962,-0.078061,1.294443,142.217000
0.573274,-0.574914,-1.927320,-0.068344,-0.077719,1.262305,142.317000
0.597489,-0.470095,-1.920666,-0.064845,-0.073940,1.207061,142.417000
0.631058,-0.411512,-1.915844,-0.055821,-0.074043,1.109292,142.521000
0.676196,-0.299575,-1.906878,-0.042527,-0.073886,1.016387,142.617000
0.773024,-0.201028,-1.894459,-0.035948,-0.078776,0.890360,142.720000
0.859027,-0.131088,-1.883860,-0.025895,-0.083775,0.758312,142.823000
0.956372,-0.065711,-1.872338,-0.021023,-0.088596,0.624604,142.921000
1.050777,0.010051,-1.860947,-0.015546,-0.092661,0.524230,143.018000
1.160461,0.081771,-1.848626,-0.005289,-0.093928,0.459770,143.119000
1.294393,0.169638,-1.833790,-0.005585,-0.093826,0.428681,143.218000
1.435557,0.258440,-1.818237,-0.005854,-0.094956,0.411246,143.317000
1.550272,0.315057,-1.806502,-0.000135,-0.094143,0.412917,143.418000
1.672569,0.365720,-1.794186,0.001830,-0.095340,0.408565,143.519000
1.936316,0.477113,-1.766694,0.000848,-0.097290,0.426609,143.620000
2.182865,0.558753,-1.742674,0.005238,-0.093348,0.407131,143.721000
2.280467,0.622969,-1.731214,0.011291,-0.095400,0.402869,143.821000
2.347301,0.660726,-1.723001,0.016679,-0.101667,0.409385,143.920000
2.434139,0.698422,-1.712862,0.012009,-0.103394,0.398217,144.021000
2.520393,0.735906,-1.702881,0.011032,-0.103074,0.401375,144.117000
2.599866,0.773613,-1.693683,0.007422,-0.101010,0.409365,144.218000
2.653891,0.784752,-1.687867,0.008800,-0.103789,0.408638,144.318000
2.697333,0.803053,-1.683113,0.005024,-0.104399,0.416389,144.419000
2.702628,0.796009,-1.683014,0.004758,-0.104767,0.417037,144.518000
2.704143,0.794242,-1.683010,0.004694,-0.104582,0.416768,144.620000
2.705577,0.792428,-1.683011,0.004729,-0.104749,0.416855,144.721000
2.707398,0.791194,-1.682928,0.004886,-0.104694,0.416721,144.820000
2.705780,0.794248,-1.682973,0.004892,-0.104729,0.416929,144.920000
2.720747,0.780988,-1.682232,0.005115,-0.104714,0.414410,145.017000
2.726686,0.770274,-1.682254,0.005002,-0.104743,0.415877,145.119000
2.732310,0.760502,-1.682285,0.004944,-0.104863,0.415863,145.221000
2.736048,0.751176,-1.682479,0.004919,-0.104809,0.415941,145.320000
2.739233,0.742639,-1.682688,0.004910,-0.104776,0.415974,145.420000
2.750121,0.727282,-1.682482,0.004845,-0.104695,0.416890,145.518000
2.757425,0.722413,-1.682111,0.004957,-0.104612,0.416182,145.620000
2.764605,0.717041,-1.681782,0.004942,-0.104593,0.416381,145.720000
2.771344,0.712176,-1.681490,0.004939,-0.104559,0.416366,145.820000
2.774366,0.716167,-1.681144,0.005099,-0.104538,0.415110,145.922000
2.777319,0.719370,-1.680868,0.005033,-0.104537,0.415590,146.017000
2.780532,0.721822,-1.680593,0.005118,-0.104506,0.415482,146.120000
2.783840,0.724399,-1.680314,0.005190,-0.104496,0.415188,146.218000
2.787005,0.726466,-1.680078,0.005158,-0.104475,0.415311,146.318000
2.795717,0.726526,-1.679413,0.005253,-0.104413,0.415333,146.419000
2.800335,0.723156,-1.679302,0.005232,-0.104397,0.415629,146.520000
2.804868,0.720113,-1.679151,0.005354,-0.104312,0.415789,146.621000
2.808331,0.718816,-1.679024,0.005395,-0.104267,0.415874,146.721000
2.812163,0.717517,-1.678870,0.005370,-0.104236,0.415625,146.821000
2.815356,0.716895,-1.678739,0.005423,-0.104235,0.415943,146.919000
2.816981,0.724024,-1.678392,0.005515,-0.104266,0.415184,147.018000
2.820952,0.729099,-1.677931,0.005649,-0.104239,0.414403,147.117000
2.822583,0.727927,-1.677985,0.005528,-0.104247,0.415810,147.219000
2.824333,0.726896,-1.678024,0.005562,-0.104208,0.415669,147.318000
2.826050,0.726672,-1.678059,0.005417,-0.104196,0.415224,147.422000
2.827920,0.726512,-1.678071,0.005467,-0.104156,0.415180,147.518000
2.833137,0.728635,-1.677690,0.005824,-0.104132,0.411421,147.617000
2.838255,0.730170,-1.677364,0.005761,-0.104171,0.411742,147.718000
2.842754,0.731793,-1.677102,0.005768,-0.104186,0.411742,147.822000
2.847130,0.733515,-1.676857,0.005812,-0.104184,0.411569,147.917000
2.864408,0.729723,-1.675680,0.006068,-0.104193,0.409144,148.019000
2.880813,0.725886,-1.674566,0.006123,-0.104164,0.409384,148.120000
2.885300,0.728584,-1.674267,0.006081,-0.104161,0.409819,148.221000
2.889480,0.730879,-1.674016,0.006095,-0.104167,0.409751,148.318000
2.893710,0.733364,-1.673768,0.006111,-0.104193,0.409618,148.419000
2.897259,0.735295,-1.673598,0.006127,-0.104145,0.410040,148.520000
2.906416,0.742786,-1.672627,0.006680,-0.104089,0.405851,148.618000
2.915442,0.749417,-1.671707,0.006668,-0.104206,0.406044,148.718000
2.923721,0.755590,-1.670891,0.006715,-0.104197,0.406136,148.817000
2.932613,0.762588,-1.669987,0.007338,-0.104156,0.400764,148.921000
2.937379,0.766015,-1.669682,0.007087,-0.104118,0.401549,149.020000
2.954367,0.757444,-1.668799,0.007350,-0.104091,0.399153,149.120000
2.958202,0.748228,-1.669155,0.007313,-0.104013,0.400364,149.222000
2.965395,0.743907,-1.668985,0.007497,-0.103889,0.398770,149.320000
2.972121,0.740252,-1.668832,0.007552,-0.103843,0.398930,149.419000
2.978069,0.736882,-1.668734,0.007612,-0.103826,0.398917,149.522000
2.983588,0.733434,-1.668704,0.007553,-0.103827,0.399036,149.620000
2.986790,0.736921,-1.668551,0.007827,-0.103766,0.397361,149.717000
2.990188,0.740176,-1.668404,0.007859,-0.103736,0.397304,149.819000
2.993308,0.742923,-1.668310,0.007824,-0.103705,0.397480,149.917000
2.995702,0.745517,-1.668292,0.007836,-0.103665,0.397408,150.018000
2.997739,0.748232,-1.668302,0.007888,-0.103661,0.397221,150.121000
2.999837,0.750485,-1.668345,0.007803,-0.103659,0.397385,150.221000
3.001498,0.752511,-1.668439,0.007886,-0.103576,0.397154,150.321000
3.003002,0.754139,-1.668556,0.007904,-0.103507,0.397305,150.419000
3.004550,0.755663,-1.668671,0.007993,-0.103448,0.397206,150.519000
3.004262,0.757346,-1.668956,0.007905,-0.103457,0.398162,150.618000
3.004341,0.758949,-1.669219,0.007899,-0.103447,0.398068,150.718000
3.004536,0.760776,-1.669462,0.007947,-0.103413,0.397976,150.820000
3.005788,0.758247,-1.669800,0.007945,-0.103373,0.398553,150.920000
3.006866,0.758721,-1.670007,0.007977,-0.103338,0.398180,151.022000
3.007064,0.758927,-1.670307,0.007921,-0.103312,0.399001,151.119000
3.007161,0.759162,-1.670619,0.008014,-0.103309,0.398782,151.218000
3.007278,0.759334,-1.670943,0.008068,-0.103311,0.398250,151.317000
3.007693,0.759760,-1.671234,0.008046,-0.103291,0.398504,151.418000
3.007849,0.759510,-1.671577,0.008008,-0.103281,0.398541,151.521000
3.007641,0.759416,-1.671967,0.008048,-0.103279,0.398340,151.617000
3.007853,0.758985,-1.672318,0.008051,-0.103339,0.398219,151.718000
3.008011,0.758836,-1.672657,0.008018,-0.103289,0.398544,151.820000
3.007609,0.760661,-1.672949,0.008034,-0.103276,0.398195,151.921000
3.007216,0.762043,-1.673272,0.007993,-0.103235,0.398445,152.018000
3.006329,0.765391,-1.673543,0.008137,-0.103187,0.397766,152.117000
3.005897,0.768855,-1.673759,0.008184,-0.103110,0.397829,152.219000
3.024032,0.761389,-1.672777,0.008555,-0.103072,0.394055,152.320000
3.023670,0.752950,-1.673492,0.008561,-0.102938,0.395422,152.422000
3.026541,0.747254,-1.673793,0.008672,-0.102933,0.394882,152.520000
3.024742,0.745675,-1.674326,0.008388,-0.102911,0.397325,152.618000
3.022991,0.744156,-1.674879,0.008352,-0.102922,0.397276,152.719000
3.021299,0.742006,-1.675461,0.008421,-0.102881,0.397484,152.820000
3.028617,0.742446,-1.675097,0.008540,-0.102899,0.395570,152.920000
3.035166,0.742900,-1.674790,0.008558,-0.102782,0.395699,153.021000
3.041161,0.743018,-1.674550,0.008599,-0.102765,0.395646,153.120000
3.050305,0.731419,-1.674596,0.008612,-0.102782,0.395610,153.222000
3.064189,0.738220,-1.673335,0.009120,-0.102663,0.389806,153.320000
3.076052,0.744765,-1.672277,0.009112,-0.102661,0.390065,153.421000
3.087609,0.750444,-1.671290,0.009144,-0.102637,0.390100,153.518000
3.091094,0.759474,-1.670873,0.009298,-0.102585,0.389485,153.619000
3.096791,0.761146,-1.670616,0.009154,-0.102625,0.390546,153.722000
3.101700,0.763043,-1.670417,0.009219,-0.102588,0.390452,153.821000
3.106256,0.765051,-1.670262,0.009204,-0.102641,0.390394,153.922000
3.110548,0.766926,-1.670137,0.009135,-0.102612,0.390465,154.019000
3.113895,0.768543,-1.670125,0.009065,-0.102598,0.390625,154.117000
3.117750,0.769452,-1.670089,0.009137,-0.102582,0.390436,154.217000
3.115382,0.773362,-1.670482,0.009060,-0.102568,0.391254,154.317000
3.113728,0.777152,-1.670828,0.009065,-0.102564,0.391053,154.421000
3.111058,0.775829,-1.671500,0.009026,-0.102536,0.391771,154.521000
3.126169,0.768965,-1.670822,0.009175,-0.102456,0.390178,154.621000
3.131025,0.763333,-1.671029,0.009170,-0.102445,0.391151,154.720000
3.130900,0.765043,-1.671364,0.009279,-0.102445,0.390606,154.818000
3.130925,0.766868,-1.671674,0.009346,-0.102382,0.390136,154.918000
