2.066436
53.146896
51.951439
52.190838
52.995293
54.061577
51.297920
51.406471
53.336212
53.197300
55.828693
60.709183
57.929695
63.754559
52.725674
58.011436
58.786621
59.076710
57.867275
59.970295
61.861767
64.059166
59.834061
59.783333
67.083603
69.923943
71.224113
65.254036
66.197716
66.662903
69.361763
72.719124
69.043983
67.027771
70.891693
73.731133
70.802551
70.677124
81.733124
78.033737
77.071495
78.794495
79.870361
82.018448
81.790009
73.905823
77.109489
72.520737
77.240097
71.662605
76.340813
71.144043
71.775330
67.788956
67.501877
65.173576
62.435982
56.210472
61.869545
50.981644
55.254482
50.664368
46.345230
45.532635
42.880680
48.570343
45.747604
51.314503
52.622807
51.184322
58.311054
60.268948
63.635250
58.989342
54.187141
60.320534
62.755642
67.237320
67.378403
61.801624
64.185776
57.400772
62.952324
62.242641
59.828018
59.529121
53.779266
51.079170
52.920727
48.537201
49.891415
48.623779
49.447979
51.133820
52.627808
49.449112
55.579407
44.654495
47.220490
46.921661
48.765259
46.173576
49.112602
46.192390
49.357952
53.937870
43.352016
43.788364
45.758724
46.721119
46.523155
44.559086
45.503387
47.660072
45.460403
42.345802
45.958248
44.933647
45.930527
44.840744
47.307156
43.037930
43.427280
43.385715
45.373165
46.086525
45.841393
47.594852
48.224506
47.047390
47.192612
45.721943
47.227097
51.141644
47.059715
44.609653
43.919571
42.315575
43.884312
43.609829
48.652657
49.300865
43.397579
45.999454
44.274658
44.274406
46.868572
42.977863
43.925571
44.363338
46.857903
46.306274
44.371628
45.434090
44.447475
46.205383
47.712730
46.909615
43.920013
42.298721
47.501328
43.858234
44.460487
43.373409
46.525780
42.342110
46.128674
42.419113
44.837673
48.737965
49.352631
48.696960
47.721867
42.911613
46.470356
45.172050
43.901131
45.273991
44.906445
47.704369
47.283714
45.977654
42.218403
45.266399
45.786991
47.144928
49.092838
47.151440
49.346809
48.519073
48.833282
48.010662
45.207954
47.377220
47.393703
45.934635
47.818203
45.128227
46.797695
43.083588
47.655880
47.205078
47.473572
41.696514
43.710770
47.698685
50.119446
43.323311
43.589523
43.346581
44.394196
49.423512
41.193226
44.826817
44.089367
44.810135
39.594070
49.700645
43.697166
44.372429
44.288334
42.346012
48.709953
44.516510
48.005939
44.397594
44.536598
43.507309
46.930191
44.910000
44.185833
45.918713
44.386150
46.598091
45.719265
46.807724
43.668568
48.018688
43.343960
46.080185
42.542809
45.950459
50.014244
49.001106
43.062950
46.137589
46.558338
44.856716
41.576328
40.866161
46.004227
44.124897
45.127525
45.573402
46.152370
51.578728
42.505051
43.512230
47.242104
46.353569
45.011631
46.205132
49.424850
48.758759
50.161152
47.557301
46.347797
49.176792
47.370789
49.425880
47.532188
46.199608
48.896393
49.993519
45.162106
49.185181
51.826603
48.121498
45.251568
50.905079
53.051968
46.247883
45.988163
45.582451
49.736115
48.716228
48.916691
46.571064
45.727043
46.249249
47.546024
42.749840
48.452862
50.810379
48.488758
46.771591
53.074200
53.026417
47.530453
42.784729
49.641220
52.754539
50.458008
44.394749
47.307507
46.645042
47.770981
47.865932
53.058903
48.151443
50.320431
49.741402
49.079144
47.698624
44.311115
47.350357
47.759205
47.475002
47.379532
46.031208
43.487144
46.396275
46.070354
40.476952
44.711109
42.943588
45.591026
41.545353
43.771347
43.322479
39.569614
47.099541
43.311459
43.254387
42.128460
38.320793
40.118389
39.889000
43.172337
45.320400
41.759991
46.190968
43.630028
39.049332
42.868271
42.545444
41.481022
45.061039
43.298592
44.754616
41.254848
41.810524
43.105366
41.084606
43.658676
43.268574
39.246136
42.359470
42.148952
37.963181
35.449879
40.860451
44.619823
36.897408
40.780697
41.516544
37.464100
36.030247
34.596394
30.890293
35.348789
36.778713
37.015236
39.028152
40.746716
35.385197
40.535934
41.008099
46.504669
48.823875
56.633224
57.373512
58.322819
65.997910
58.615402
59.368660
52.856392
52.524010
55.674435
53.935448
55.758465
68.298409
64.523674
62.499107
65.873177
70.427872
67.956680
71.202209
78.214302
68.299751
66.958290
58.396111
62.816650
65.662788
72.118546
73.837967
79.149277
82.832909
79.072891
79.764740
79.270996
80.406166
86.917465
84.171524
81.007355
82.126465
90.919754
84.974617
85.981361
85.607117
83.907387
82.756340
88.994392
88.517555
87.203979
85.502098
88.452339
81.413208
88.478058
77.077042
83.937233
80.469704
81.774467
82.310036
86.762360
87.000786
83.020279
80.833946
88.622208
80.772964
80.779594
81.096687
76.898476
79.176064
77.689972
75.527580
87.269585
79.321510
71.239609
67.185501
64.283882
65.847527
68.985573
67.966461
67.172340
65.371178
67.405365
62.909595
64.790833
56.271278
61.053658
71.448837
58.156742
49.140903
46.307026
45.340744
39.524212
41.429317
39.853474
41.478615
39.581123
37.347183
40.347530
39.550087
36.425423
38.284702
38.075932
36.602039
39.181774
45.088211
51.566814
53.396610
59.008282
62.858719
61.982346
61.008118
61.668774
55.929512
49.609978
51.641384
41.421375
37.254372
35.809616
30.972761
32.671200
32.822147
34.980488
32.126423
33.341637
32.495064
32.147861
32.271091
33.823063
31.720238
37.830631
32.375278
35.579475
33.937244
36.554676
34.218918
35.690479
35.563122
48.050240
45.275448
48.417191
53.158573
54.607876
58.142971
55.397503
53.260818
56.807770
56.238827
54.095135
58.159294
51.217937
40.745827
38.091721
37.248566
33.551373
33.759579
33.504116
34.116550
31.821976
33.072021
35.818932
32.612816
36.168320
35.107098
38.812958
36.248245
33.294811
36.410671
45.245087
43.885342
47.624699
56.804501
55.508492
58.990742
62.890621
61.021812
60.037292
64.684334
61.836269
57.503799
54.304771
50.350143
49.936359
43.521812
48.924824
46.638039
45.463413
43.627632
43.638878
43.464340
45.404213
40.010567
47.164326
45.935211
44.412273
42.101738
45.567726
41.774223
39.953552
45.547150
46.112873
53.283756
49.447868
53.029991
58.144424
62.400738
61.159313
64.150757
73.154510
75.299706
81.589272
86.617096
103.932533
109.722862
108.029076
100.541832
110.517555
101.393585
100.626068
101.630753
95.694756
79.452568
87.626076
77.579803
82.703651
78.182243
80.088737
76.225708
76.211617
86.759773
83.927162
88.489937
76.962021
81.049408
78.859657
79.783669
75.166618
71.256050
71.869942
74.553513
76.537178
77.222084
76.160393
75.272339
73.708031
73.359673
76.975807
74.175095
75.631454
73.472305
74.823235
75.231010
80.036835
74.977745
75.643829
75.201363
78.286797
71.775414
70.955353
74.450165
73.913818
73.099007
75.201546
74.836258
69.954025
69.291374
73.657303
76.486290
76.514069
74.758224
72.432785
76.965851
74.518158
70.897446
73.362572
72.572273
75.489861
75.456032
80.788483
77.792412
75.341537
73.978424
77.631172
79.112679
75.572807
74.028542
76.385345
77.705887
74.934868
77.915558
73.255882
81.430016
77.187836
76.415176
73.977966
75.509216
78.307404
75.368561
77.482056
82.362747
75.224304
74.710510
79.026337
75.795212
73.331970
75.778336
80.315742
82.193634
77.033630
74.841850
75.385529
74.887054
76.064163
74.901108
78.785042
74.719048
73.630730
74.737953
73.784317
74.668610
75.052605
76.671860
72.824554
73.582275
76.405930
80.049889
71.393265
74.405258
77.267242
75.927872
79.186783
74.557945
75.293304
72.838455
78.740791
77.995987
81.009293
76.473892
79.035385
75.942986
78.545784
77.673805
