0.000919,-0.000306,-0.000006,0.000006,0.000018,0.000011,83.415000
-0.004934,-0.005444,-0.000012,0.000007,0.000013,-0.002086,83.521000
-0.012951,-0.001622,-0.000018,0.000008,0.000012,0.000234,83.616000
-0.019395,0.006525,-0.000024,-0.000008,0.000016,0.002769,83.717000
-0.025541,0.011473,-0.000030,-0.000006,0.000023,0.002100,83.816000
-0.031807,0.016022,-0.000036,0.000005,0.000030,0.002049,83.916000
-0.036537,0.021732,-0.000041,0.000040,0.000040,0.002337,84.016000
-0.033153,0.029649,-0.000323,-0.000041,-0.002226,0.005397,84.117000
0.012378,0.036556,-0.000689,-0.002231,0.001446,0.010420,84.221000
0.064823,0.045823,-0.001009,-0.001821,0.000374,0.011102,84.315000
0.123634,0.056789,-0.001422,0.001311,0.002396,0.013766,84.417000
0.189852,0.058018,-0.001852,0.002749,0.002195,0.013039,84.515000
0.256474,0.059878,-0.002284,0.007616,0.002310,0.013868,84.615000
0.323496,0.063864,-0.002717,0.010620,0.002410,0.039859,84.715000
0.400839,0.084637,-0.003325,0.012508,0.001060,0.111129,84.819000
0.472248,0.098685,-0.003824,0.008623,-0.002243,0.180954,84.915000
0.541516,0.126187,-0.004853,0.008830,-0.001570,0.282644,85.017000
0.607838,0.165181,-0.006000,0.012685,0.001147,0.378188,85.121000
0.681986,0.178276,-0.007295,0.013302,-0.002191,0.422149,85.215000
0.762101,0.203277,-0.008435,0.009531,-0.000824,0.464068,85.320000
0.841079,0.220953,-0.009599,0.009828,-0.001592,0.484266,85.414000
0.909598,0.258109,-0.010636,0.010862,-0.000606,0.500653,85.515000
0.980481,0.291798,-0.011784,0.010072,0.000633,0.507354,85.619000
1.050980,0.325447,-0.012854,0.012111,-0.000521,0.512565,85.716000
1.121633,0.358667,-0.013938,0.011187,-0.000397,0.515915,85.818000
1.201650,0.389969,-0.015212,0.016062,0.000415,0.510616,85.915000
1.264739,0.442858,-0.015889,0.018528,-0.001201,0.518484,86.017000
1.337332,0.472080,-0.017479,0.019131,-0.000344,0.515770,86.119000
1.397505,0.492069,-0.019155,0.016896,0.000808,0.515167,86.217000
1.493969,0.534656,-0.020798,0.016390,0.000265,0.522487,86.320000
1.571439,0.561524,-0.022684,0.016048,0.002567,0.522351,86.416000
1.644284,0.601648,-0.023866,0.017141,-0.000878,0.522562,86.519000
1.716433,0.641880,-0.025264,0.016395,0.002402,0.522694,86.620000
1.788475,0.687753,-0.026535,0.012359,0.001570,0.525618,86.717000
1.828191,0.752180,-0.027049,0.012693,0.002147,0.556683,86.818000
1.884467,0.798135,-0.027697,0.011720,-0.001138,0.624636,86.918000
1.954626,0.857769,-0.028547,0.012954,0.000654,0.709743,87.018000
2.019974,0.918985,-0.029440,0.013532,0.000605,0.799502,87.118000
2.057935,0.991831,-0.029759,0.020880,-0.000880,0.907993,87.220000
2.135754,1.033115,-0.030272,0.012900,-0.001074,0.988459,87.318000
2.198254,1.088052,-0.031157,0.016670,0.000210,1.038732,87.419000
2.243760,1.149989,-0.031653,0.013823,-0.001051,1.072782,87.519000
2.288218,1.212919,-0.031868,0.012185,-0.004547,1.093874,87.618000
2.309393,1.284866,-0.032061,0.013701,-0.002920,1.141350,87.720000
2.326389,1.357646,-0.032097,0.016843,-0.004603,1.198979,87.816000
2.339633,1.431565,-0.032406,0.011469,-0.001711,1.254085,87.915000
2.355563,1.503162,-0.032860,0.009968,-0.000757,1.287313,88.016000
2.381849,1.574116,-0.033293,0.011319,-0.000786,1.306146,88.119000
2.399670,1.639373,-0.033729,0.009430,-0.000030,1.339119,88.218000
2.412294,1.706828,-0.034074,0.006334,-0.001089,1.395150,88.317000
2.424170,1.773494,-0.034439,0.008981,-0.001069,1.429981,88.416000
2.434780,1.840412,-0.034697,0.006181,0.000567,1.452124,88.520000
2.450970,1.910944,-0.035102,0.006442,0.001427,1.464162,88.619000
2.465250,1.980048,-0.035570,0.007823,0.000907,1.471676,88.720000
2.477256,2.048645,-0.036122,0.006196,0.001916,1.476268,88.819000
2.494664,2.119082,-0.036904,0.003955,0.001906,1.478769,88.919000
2.503682,2.190446,-0.037804,-0.000344,0.004134,1.479148,89.017000
2.524395,2.281285,-0.038910,-0.000930,0.005763,1.466144,89.119000
2.542517,2.367014,-0.040102,0.001279,0.007018,1.469309,89.217000
2.550342,2.434030,-0.041228,0.004071,0.008229,1.464203,89.318000
2.564759,2.500656,-0.042387,0.006012,0.008071,1.465874,89.416000
2.569944,2.560118,-0.043481,0.004364,0.006902,1.465226,89.520000
2.591397,2.624413,-0.044852,0.004705,0.005180,1.464549,89.620000
2.605502,2.684162,-0.045951,0.004166,0.001711,1.498361,89.721000
2.604559,2.740501,-0.046977,-0.000823,0.001241,1.563207,89.819000
2.588200,2.799868,-0.047934,-0.002045,-0.000372,1.642775,89.917000
2.566632,2.857398,-0.049002,-0.000372,-0.000717,1.743227,90.020000
2.539448,2.916746,-0.050192,-0.002298,-0.002637,1.839658,90.119000
2.510283,2.973533,-0.051429,-0.003571,-0.001886,1.949228,90.221000
2.477395,3.030481,-0.052570,-0.005555,-0.003273,2.035340,90.317000
2.440463,3.084920,-0.053732,-0.002436,-0.002800,2.102912,90.416000
2.416943,3.127820,-0.055373,0.002420,-0.002994,2.142550,90.519000
2.382863,3.200060,-0.056746,0.001477,-0.006019,2.161353,90.623000
2.335475,3.257630,-0.058158,0.002893,-0.008202,2.203462,90.719000
2.285720,3.306065,-0.059750,0.002085,-0.006168,2.269839,90.823000
2.233990,3.349525,-0.061587,-0.002475,-0.003153,2.339482,90.918000
2.178677,3.390047,-0.063194,-0.005169,-0.006558,2.431341,91.017000
2.119829,3.424469,-0.064762,-0.007310,-0.007142,2.529480,91.117000
2.058205,3.453601,-0.067904,-0.009554,-0.003944,2.630882,91.219000
1.991193,3.495489,-0.070932,-0.009505,-0.003140,2.688570,91.316000
1.922461,3.534581,-0.072852,-0.011465,-0.005770,2.730214,91.417000
1.856181,3.568784,-0.074885,-0.014578,-0.004659,2.751433,91.516000
1.789470,3.602104,-0.076888,-0.022346,-0.004334,2.767504,91.625000
1.732007,3.625837,-0.079014,-0.021759,-0.005130,2.783460,91.718000
1.675727,3.653430,-0.081172,-0.016395,-0.003636,2.788821,91.817000
1.618553,3.691339,-0.083160,-0.019826,-0.003345,2.793809,91.919000
1.554635,3.696523,-0.085932,-0.019385,-0.000641,2.829772,92.021000
1.482214,3.698708,-0.088918,-0.016879,0.002746,2.890249,92.121000
1.411820,3.699274,-0.091985,-0.045307,-0.002614,2.966035,92.216000
1.343163,3.708782,-0.094738,-0.051914,0.000545,3.043668,92.320000
1.233061,3.721601,-0.097359,-0.050358,0.000310,3.073597,92.417000
1.134913,3.722084,-0.101077,-0.047580,0.007265,3.104352,92.518000
1.039822,3.725487,-0.104375,-0.045378,0.005437,3.122505,92.621000
0.947553,3.728730,-0.107690,-0.049970,0.005569,3.135522,92.719000
0.857981,3.728882,-0.111427,-0.050495,0.007451,3.141098,92.820000
0.789863,3.728510,-0.114818,-0.051027,0.006615,-3.131986,92.916000
0.741937,3.733755,-0.117905,-0.052086,0.008322,-3.137490,93.019000
0.696438,3.730793,-0.121567,-0.049205,0.012405,-3.133216,93.119000
0.654415,3.737842,-0.124700,-0.047312,0.011523,-3.130227,93.220000
0.612745,3.736106,-0.128305,-0.043005,0.013164,-3.127136,93.317000
0.571470,3.739858,-0.131521,-0.045024,0.009883,-3.123667,93.418000
0.532242,3.738926,-0.135051,-0.043369,0.012971,-3.123587,93.521000
0.493412,3.738081,-0.138646,-0.043317,0.014884,-3.123985,93.617000
0.454579,3.736905,-0.141990,-0.042944,0.011417,-3.123573,93.720000
0.415902,3.736161,-0.143604,-0.041347,0.012020,-3.123213,93.819000
0.376900,3.734587,-0.145293,-0.041914,0.012948,-3.121967,93.919000
0.338212,3.733445,-0.147034,-0.038830,0.013296,-3.122100,94.019000
0.299272,3.729188,-0.148900,-0.040445,0.016726,-3.122758,94.120000
0.259766,3.724527,-0.150768,-0.039806,0.016135,-3.121523,94.223000
0.219760,3.722979,-0.152576,-0.036743,0.017532,-3.120584,94.321000
0.179398,3.720962,-0.154354,-0.038413,0.017952,-3.120606,94.420000
0.139510,3.719579,-0.155975,-0.036042,0.014824,-3.121786,94.517000
0.102654,3.719693,-0.157548,-0.038430,0.017077,-3.111831,94.620000
0.070773,3.722028,-0.158909,-0.040772,0.015916,-3.110818,94.716000
0.044460,3.721163,-0.160364,-0.040669,0.015166,-3.113662,94.819000
0.019903,3.721315,-0.161748,-0.040142,0.014939,-3.112967,94.920000
-0.002836,3.720438,-0.163148,-0.040143,0.014991,-3.112341,95.022000
-0.017051,3.719055,-0.164464,-0.040342,0.015044,-3.110125,95.119000
-0.031249,3.718537,-0.165749,-0.040811,0.015078,-3.110104,95.222000
-0.045162,3.717756,-0.167040,-0.040806,0.015047,-3.110096,95.318000
-0.058245,3.717527,-0.168327,-0.040804,0.015041,-3.110274,95.419000
-0.070878,3.717230,-0.169613,-0.040656,0.014975,-3.110294,95.519000
-0.083279,3.718791,-0.170824,-0.040644,0.014977,-3.110155,95.618000
-0.095854,3.719756,-0.172064,-0.040902,0.014893,-3.110301,95.719000
-0.108412,3.720976,-0.173298,-0.041476,0.014853,-3.109936,95.821000
-0.113760,3.722822,-0.174408,-0.041505,0.014760,-3.112527,95.917000
-0.119122,3.724058,-0.175555,-0.041501,0.014759,-3.112483,96.019000
-0.122159,3.722934,-0.176771,-0.041652,0.014862,-3.109986,96.120000
-0.125415,3.722136,-0.177978,-0.041842,0.014843,-3.110184,96.217000
-0.128273,3.721994,-0.179154,-0.041839,0.014836,-3.110273,96.320000
-0.130867,3.722167,-0.180319,-0.042644,0.014790,-3.110092,96.420000
-0.133267,3.722962,-0.181456,-0.042621,0.014775,-3.110391,96.516000
-0.135183,3.723714,-0.182587,-0.042619,0.014767,-3.110519,96.617000
-0.137374,3.724861,-0.183706,-0.042440,0.014814,-3.110922,96.719000
-0.139016,3.726057,-0.184824,-0.042436,0.014815,-3.110828,96.818000
-0.140585,3.726631,-0.185972,-0.042702,0.014863,-3.111061,96.917000
-0.141847,3.726653,-0.187139,-0.042689,0.014889,-3.110389,97.017000
-0.143503,3.727153,-0.188292,-0.042690,0.014870,-3.110754,97.119000
-0.145182,3.727653,-0.189448,-0.042856,0.014869,-3.110816,97.216000
-0.146391,3.727278,-0.190635,-0.042849,0.014876,-3.110599,97.317000
-0.147670,3.727252,-0.191810,-0.042843,0.014880,-3.110427,97.419000
-0.149199,3.729106,-0.192917,-0.042848,0.014853,-3.110984,97.519000
-0.150852,3.730535,-0.194044,-0.042841,0.014858,-3.110810,97.617000
-0.151544,3.730142,-0.195246,-0.042828,0.014884,-3.110128,97.719000
-0.151910,3.730103,-0.196430,-0.042833,0.014853,-3.110783,97.820000
-0.151827,3.730554,-0.197589,-0.042835,0.014835,-3.111133,97.919000
-0.151525,3.730667,-0.198760,-0.042835,0.014822,-3.111344,98.021000
-0.151032,3.730979,-0.199919,-0.042829,0.014826,-3.111189,98.121000
-0.150588,3.731309,-0.201078,-0.042828,0.014814,-3.111404,98.221000
-0.148530,3.735112,-0.202065,-0.042787,0.014918,-3.108899,98.321000
-0.146010,3.731085,-0.203392,-0.043093,0.014968,-3.106796,98.419000
-0.145562,3.729604,-0.204637,-0.043072,0.015016,-3.105612,98.518000
-0.137867,3.733092,-0.205566,-0.043121,0.014860,-3.109161,98.617000
-0.131026,3.736082,-0.206530,-0.043113,0.014868,-3.108889,98.721000
-0.123472,3.730465,-0.207858,-0.043063,0.014977,-3.106322,98.821000
-0.127639,3.732506,-0.209010,-0.044359,0.014912,-3.104006,98.920000
-0.131343,3.733898,-0.210192,-0.044628,0.014830,-3.104036,99.017000
-0.134377,3.735606,-0.211352,-0.044738,0.014828,-3.103904,99.120000
-0.137025,3.737339,-0.212506,-0.044794,0.014796,-3.103976,99.216000
-0.139610,3.738594,-0.213682,-0.044789,0.014798,-3.103869,99.316000
-0.142311,3.739905,-0.214856,-0.044783,0.014801,-3.103733,99.416000
-0.133993,3.740835,-0.215905,-0.044846,0.014594,-3.108268,99.519000
-0.126328,3.741343,-0.216984,-0.044953,0.014611,-3.108052,99.620000
-0.118616,3.742546,-0.218034,-0.045235,0.014609,-3.108328,99.720000
-0.110522,3.741925,-0.219163,-0.045233,0.014603,-3.108399,99.817000
-0.097942,3.748780,-0.219891,-0.045957,0.014954,-3.102670,99.916000
-0.085617,3.754862,-0.220664,-0.046604,0.014935,-3.102922,100.021000
-0.071700,3.763224,-0.221309,-0.046541,0.015117,-3.098964,100.121000
-0.060415,3.765744,-0.222262,-0.046394,0.015101,-3.099455,100.221000
-0.049288,3.768186,-0.223221,-0.046390,0.015097,-3.099458,100.321000
-0.026510,3.769944,-0.224059,-0.046414,0.015012,-3.101246,100.418000
-0.002921,3.776006,-0.224684,-0.046533,0.015225,-3.096255,100.518000
0.018762,3.772285,-0.225801,-0.046483,0.015363,-3.093212,100.617000
0.038613,3.771612,-0.226805,-0.047453,0.015316,-3.093089,100.719000
0.058190,3.771558,-0.227781,-0.047268,0.015305,-3.092978,100.816000
0.077378,3.771111,-0.228779,-0.047050,0.015267,-3.093052,100.917000
0.096524,3.770707,-0.229776,-0.047177,0.015318,-3.092360,101.017000
0.115077,3.771025,-0.230748,-0.047176,0.015305,-3.092560,101.120000
0.133137,3.771276,-0.231734,-0.047446,0.015304,-3.092530,101.220000
0.153775,3.769606,-0.232779,-0.047465,0.015397,-3.090622,101.323000
0.170140,3.774751,-0.233551,-0.048528,0.015278,-3.092657,101.417000
0.184681,3.774861,-0.234596,-0.048481,0.015245,-3.093363,101.519000
0.199045,3.774642,-0.235660,-0.048475,0.015251,-3.093177,101.617000
0.213765,3.775134,-0.236685,-0.048467,0.015260,-3.092930,101.717000
0.228149,3.775322,-0.237728,-0.048442,0.015192,-3.093247,101.817000
0.243398,3.771952,-0.238934,-0.048401,0.015306,-3.090831,101.916000
0.275526,3.775073,-0.239608,-0.048519,0.014911,-3.098900,102.019000
0.303084,3.773159,-0.240588,-0.048508,0.014932,-3.098415,102.120000
0.329972,3.771845,-0.241548,-0.048508,0.014920,-3.098603,102.217000
0.354890,3.773283,-0.242402,-0.049284,0.014860,-3.098417,102.321000
0.379532,3.775154,-0.243238,-0.049284,0.014847,-3.098617,102.419000
0.403509,3.776887,-0.244094,-0.049776,0.014952,-3.097991,102.516000
0.427102,3.779052,-0.244935,-0.049776,0.014936,-3.098256,102.619000
0.450464,3.781065,-0.245789,-0.049939,0.014951,-3.097713,102.716000
0.473283,3.782923,-0.246657,-0.049950,0.014902,-3.098643,102.818000
0.495488,3.784428,-0.247552,-0.049951,0.014882,-3.098986,102.917000
0.517550,3.785117,-0.248489,-0.049939,0.014908,-3.098397,103.018000
0.536887,3.789719,-0.249264,-0.050134,0.014828,-3.100023,103.118000
0.556133,3.793408,-0.250084,-0.049867,0.014821,-3.100314,103.217000
0.574823,3.796644,-0.250935,-0.049863,0.014817,-3.100334,103.320000
0.592984,3.799515,-0.251813,-0.049754,0.014787,-3.100837,103.419000
0.609859,3.800957,-0.252778,-0.049588,0.014772,-3.101055,103.520000
0.626891,3.801706,-0.253775,-0.049577,0.014792,-3.100591,103.617000
0.643109,3.802938,-0.254759,-0.049569,0.014805,-3.100276,103.716000
0.658667,3.803685,-0.255779,-0.049598,0.014789,-3.100470,103.819000
0.674049,3.804773,-0.256789,-0.050036,0.014725,-3.100765,103.918000
0.688812,3.805954,-0.257816,-0.051626,0.014639,-3.100489,104.017000
0.702452,3.808568,-0.258785,-0.051618,0.014650,-3.100217,104.118000
0.715233,3.809669,-0.259845,-0.051804,0.014583,-3.101235,104.217000
0.727624,3.810424,-0.260932,-0.052218,0.014531,-3.101432,104.318000
0.739423,3.811167,-0.262028,-0.052226,0.014500,-3.101600,104.420000
0.764329,3.813039,-0.262903,-0.052306,0.014194,-3.107394,104.519000
0.789131,3.814565,-0.263798,-0.052232,0.014130,-3.107015,104.618000
0.813590,3.815724,-0.264718,-0.052226,0.014134,-3.106894,104.721000
0.837345,3.816873,-0.265646,-0.052225,0.014121,-3.107078,104.821000
0.860736,3.817482,-0.266618,-0.052225,0.014109,-3.107268,104.919000
0.883455,3.818420,-0.267586,-0.052837,0.014051,-3.107326,105.017000
0.896466,3.820339,-0.268620,-0.052967,0.013875,-3.109897,105.117000
0.909250,3.821815,-0.269682,-0.052882,0.013847,-3.110047,105.218000
0.921167,3.821476,-0.270856,-0.053039,0.013823,-3.110473,105.319000
0.933072,3.821816,-0.271996,-0.052973,0.013776,-3.110799,105.418000
0.943672,3.818923,-0.273333,-0.053708,0.013768,-3.109333,105.517000
0.954826,3.818038,-0.274557,-0.053709,0.013744,-3.109731,105.619000
0.965438,3.816811,-0.275805,-0.053691,0.013661,-3.109854,105.721000
0.974123,3.816114,-0.277047,-0.053594,0.013653,-3.110689,105.822000
0.982457,3.815428,-0.278303,-0.053640,0.013620,-3.110477,105.918000
0.990757,3.814610,-0.279566,-0.053466,0.013670,-3.110201,106.017000
0.999342,3.813815,-0.280823,-0.053461,0.013670,-3.110132,106.122000
1.007873,3.813670,-0.282047,-0.053457,0.013670,-3.110089,106.222000
1.016884,3.814265,-0.283224,-0.053454,0.013662,-3.110177,106.321000
1.025631,3.813944,-0.284454,-0.053372,0.013661,-3.110422,106.421000
1.034458,3.813978,-0.285664,-0.053365,0.013670,-3.110186,106.521000
1.043023,3.813508,-0.286904,-0.053353,0.013699,-3.109592,106.621000
1.051238,3.813831,-0.288113,-0.054201,0.013632,-3.109624,106.720000
1.059133,3.814165,-0.289325,-0.054202,0.013613,-3.109923,106.822000
1.078096,3.815817,-0.290334,-0.054216,0.013539,-3.111247,106.918000
1.095265,3.816518,-0.291416,-0.054219,0.013509,-3.111744,107.019000
1.112228,3.817253,-0.292498,-0.054220,0.013486,-3.112097,107.121000
1.128557,3.817639,-0.293609,-0.054217,0.013480,-3.112151,107.220000
1.143850,3.815049,-0.294895,-0.054151,0.013629,-3.110473,107.320000
1.157083,3.815032,-0.296064,-0.054154,0.013599,-3.110969,107.416000
1.170734,3.815286,-0.297217,-0.054148,0.013604,-3.110828,107.518000
1.186445,3.821869,-0.298001,-0.054089,0.013818,-3.106812,107.620000
1.212718,3.820995,-0.299067,-0.054078,0.013523,-3.112453,107.719000
1.235383,3.823617,-0.299989,-0.054867,0.013452,-3.112796,107.820000
1.257923,3.825400,-0.300960,-0.054868,0.013430,-3.113137,107.916000
1.278428,3.826932,-0.301969,-0.055026,0.013337,-3.113281,108.018000
1.287367,3.820174,-0.303573,-0.054896,0.013541,-3.110164,108.117000
1.290747,3.823529,-0.304685,-0.054916,0.013442,-3.111909,108.219000
1.294035,3.826156,-0.305841,-0.055133,0.013416,-3.111892,108.321000
1.297264,3.828362,-0.307022,-0.055455,0.013343,-3.111777,108.416000
1.300524,3.830228,-0.308234,-0.056463,0.013401,-3.111050,108.518000
1.303420,3.831581,-0.309483,-0.056801,0.013354,-3.111305,108.620000
1.306308,3.832657,-0.310748,-0.056789,0.013390,-3.110887,108.721000
1.309295,3.833711,-0.312018,-0.057576,0.013470,-3.111151,108.818000
1.312245,3.834950,-0.313276,-0.057222,0.013488,-3.110871,108.916000
1.315414,3.835457,-0.314573,-0.057221,0.013475,-3.111045,109.018000
1.316755,3.835045,-0.315947,-0.057218,0.013466,-3.111142,109.119000
1.318301,3.835171,-0.317292,-0.057780,0.013413,-3.111624,109.217000
1.320135,3.834841,-0.318662,-0.057915,0.013488,-3.111410,109.316000
1.322118,3.834678,-0.320020,-0.057913,0.013479,-3.111520,109.417000
1.323313,3.834722,-0.321375,-0.057910,0.013471,-3.111593,109.516000
1.324122,3.835161,-0.322714,-0.057909,0.013453,-3.111856,109.619000
1.324815,3.835806,-0.324045,-0.057908,0.013440,-3.112030,109.718000
1.325480,3.836176,-0.325393,-0.057900,0.013460,-3.111641,109.818000
1.325966,3.836698,-0.326737,-0.057965,0.013498,-3.110860,109.918000
1.326932,3.837061,-0.328090,-0.058559,0.013483,-3.110273,110.021000
1.328326,3.837529,-0.329432,-0.058556,0.013478,-3.110310,110.116000
1.329614,3.837838,-0.330790,-0.058921,0.013431,-3.110662,110.219000
1.330864,3.838441,-0.332139,-0.059897,0.013342,-3.110624,110.317000
1.331751,3.838873,-0.333512,-0.061013,0.013259,-3.110153,110.422000
1.331847,3.839197,-0.334900,-0.060828,0.013265,-3.109939,110.520000
1.332428,3.840104,-0.336251,-0.061323,0.013248,-3.109272,110.621000
1.335642,3.839201,-0.337684,-0.061318,0.013253,-3.109147,110.717000
1.338361,3.838172,-0.339132,-0.061311,0.013265,-3.108907,110.820000
1.341090,3.836721,-0.340609,-0.061571,0.013220,-3.108338,110.919000
1.344876,3.837027,-0.341966,-0.061572,0.013200,-3.108629,111.016000
1.348138,3.836866,-0.343357,-0.061567,0.013204,-3.108516,111.117000
1.350813,3.836528,-0.344767,-0.061567,0.013182,-3.108822,111.220000
1.353375,3.835845,-0.346202,-0.061711,0.013202,-3.108302,111.320000
1.355319,3.834723,-0.347671,-0.061703,0.013224,-3.107910,111.416000
1.357757,3.833402,-0.349157,-0.062704,0.013288,-3.106766,111.519000
1.359665,3.832768,-0.350617,-0.063387,0.013363,-3.106856,111.616000
1.362036,3.832130,-0.352072,-0.063381,0.013374,-3.106623,111.723000
1.364172,3.831538,-0.353526,-0.063374,0.013385,-3.106403,111.821000
1.374162,3.834176,-0.354688,-0.063414,0.013211,-3.108984,111.920000
1.382212,3.832919,-0.356119,-0.063379,0.013327,-3.107126,112.017000
1.389952,3.832183,-0.357533,-0.063452,0.013376,-3.107362,112.119000
1.396891,3.832024,-0.358919,-0.063453,0.013347,-3.107769,112.220000
1.404593,3.831507,-0.360327,-0.064288,0.013389,-3.107309,112.321000
1.412153,3.831320,-0.361715,-0.064282,0.013398,-3.107123,112.417000
1.419703,3.831179,-0.363101,-0.064279,0.013393,-3.107157,112.517000
1.427215,3.831094,-0.364493,-0.065240,0.013249,-3.107364,112.620000
1.434875,3.831221,-0.365871,-0.065235,0.013252,-3.107262,112.719000
1.442346,3.833113,-0.367135,-0.065245,0.013185,-3.108251,112.817000
1.450180,3.832793,-0.368545,-0.065422,0.013217,-3.107639,112.919000
1.458003,3.834641,-0.369812,-0.065426,0.013178,-3.108195,113.017000
1.465660,3.835627,-0.371138,-0.065422,0.013175,-3.108202,113.117000
1.473745,3.837214,-0.372419,-0.065416,0.013183,-3.108034,113.217000
1.476610,3.840218,-0.373665,-0.065425,0.013116,-3.109011,113.316000
1.480571,3.844817,-0.374807,-0.065956,0.013277,-3.105669,113.417000
1.484716,3.848691,-0.375997,-0.065959,0.013323,-3.105629,113.520000
1.486617,3.848736,-0.377476,-0.065959,0.013302,-3.105904,113.618000
1.487782,3.849062,-0.378950,-0.066698,0.013134,-3.106374,113.716000
1.488682,3.850123,-0.380378,-0.066693,0.013138,-3.106276,113.818000
1.489848,3.850596,-0.381847,-0.066965,0.013116,-3.106712,113.918000
1.494834,3.849265,-0.383398,-0.066965,0.013237,-3.104872,114.017000
1.499016,3.848265,-0.384935,-0.066959,0.013242,-3.104750,114.117000
1.503089,3.851302,-0.386201,-0.067096,0.013333,-3.103384,114.216000
1.507054,3.853922,-0.387496,-0.067008,0.013314,-3.103621,114.322000
1.506133,3.857732,-0.386673,-0.065423,0.014809,-3.121974,114.419000
1.483634,3.851281,-0.386810,-0.066323,0.014537,-3.116703,114.516000
1.461272,3.844248,-0.386678,-0.065656,0.015833,-3.114809,114.618000
1.437121,3.842543,-0.386226,-0.071448,0.015580,-3.115751,114.717000
1.411117,3.840001,-0.385763,-0.071558,0.011769,-3.115328,114.817000
1.387178,3.841835,-0.385000,-0.072492,0.013420,-3.113909,114.918000
1.362801,3.843795,-0.384968,-0.073500,0.015656,-3.113975,115.019000
1.337521,3.844030,-0.385071,-0.070515,0.015371,-3.114816,115.118000
1.344860,3.858800,-0.380555,-0.073045,0.018147,-3.126755,115.219000
1.312487,3.853114,-0.378197,-0.077331,0.016392,-3.131387,115.321000
1.263327,3.853012,-0.375220,-0.074683,0.014654,-3.128980,115.418000
1.222720,3.854302,-0.371631,-0.078657,0.013432,-3.131389,115.519000
1.181541,3.855262,-0.367916,-0.080029,0.009698,-3.130830,115.621000
1.140164,3.856904,-0.364368,-0.082073,0.014642,-3.132082,115.717000
1.095809,3.852484,-0.361346,-0.081165,0.015061,-3.135358,115.820000
1.051409,3.847867,-0.358339,-0.081346,0.014450,-3.134625,115.919000
1.006333,3.842623,-0.355328,-0.079478,0.013163,-3.135327,116.017000
0.960614,3.834972,-0.352660,-0.083095,0.015923,-3.109031,116.119000
0.920144,3.818849,-0.350585,-0.080210,0.020428,-3.041299,116.220000
0.880208,3.811955,-0.347823,-0.081444,0.025755,-2.997751,116.316000
0.839278,3.801934,-0.345258,-0.084363,0.029240,-2.961856,116.420000
0.798966,3.791787,-0.342632,-0.087068,0.029173,-2.942488,116.518000
0.759261,3.780743,-0.339611,-0.092691,0.033939,-2.930548,116.618000
0.751288,3.788846,-0.334291,-0.092642,0.031535,-2.960486,116.716000
0.732885,3.768202,-0.331963,-0.095280,0.029126,-2.961951,116.820000
0.697402,3.768955,-0.327653,-0.097680,0.024138,-3.012838,116.920000
0.673368,3.763424,-0.323365,-0.097184,0.019909,-3.067939,117.019000
0.649276,3.759269,-0.319063,-0.097231,0.020782,-3.111495,117.116000
0.626451,3.761134,-0.314163,-0.099742,0.018806,-3.140899,117.217000
0.615365,3.765309,-0.308608,-0.102348,0.016688,3.128437,117.318000
0.594325,3.766132,-0.303521,-0.101203,0.016725,3.111293,117.420000
0.573531,3.766323,-0.298843,-0.106141,0.013762,3.106002,117.519000
0.552142,3.766760,-0.294404,-0.104456,0.009132,3.101207,117.618000
0.534200,3.761072,-0.290579,-0.102442,0.011250,3.103977,117.717000
0.507933,3.762234,-0.286158,-0.099805,0.010663,3.107869,117.817000
0.481456,3.763479,-0.281742,-0.099914,0.011001,3.107635,117.918000
0.471069,3.764114,-0.277353,-0.101998,0.008390,3.107885,118.019000
0.449787,3.765930,-0.272879,-0.100084,0.007120,3.103269,118.119000
0.422491,3.765851,-0.268685,-0.100048,0.008186,3.105290,118.217000
0.350903,3.772456,-0.264220,-0.102935,0.006843,3.107541,118.317000
0.279990,3.778966,-0.259938,-0.102253,0.006957,3.108558,118.420000
0.210308,3.790512,-0.255260,-0.104621,0.009244,3.109299,118.521000
0.130492,3.802074,-0.250672,-0.100755,0.008094,3.107004,118.616000
0.076017,3.795133,-0.247666,-0.100633,0.008410,3.107836,118.717000
0.020418,3.797247,-0.243769,-0.101053,0.008707,3.109407,118.817000
-0.040180,3.800997,-0.239672,-0.100827,0.007354,3.111665,118.917000
-0.102929,3.807179,-0.235440,-0.100740,0.008812,3.112172,119.016000
-0.164774,3.810378,-0.231515,-0.103514,0.009058,3.111172,119.117000
-0.227199,3.813992,-0.227848,-0.097950,0.010029,3.112025,119.219000
-0.289978,3.818313,-0.224290,-0.104255,0.013044,3.112110,119.321000
-0.351387,3.826143,-0.220251,-0.101179,0.011466,3.114383,119.418000
-0.412645,3.834424,-0.216512,-0.104492,0.015977,3.113669,119.519000
-0.470694,3.835094,-0.213655,-0.107692,0.018936,3.117373,119.617000
-0.528695,3.845073,-0.209744,-0.110271,0.018495,3.117654,119.717000
-0.585987,3.849019,-0.206353,-0.108887,0.016434,3.120289,119.818000
-0.643342,3.852493,-0.203009,-0.111192,0.016556,3.121121,119.917000
-0.701600,3.856147,-0.199543,-0.109860,0.014406,3.120917,120.021000
-0.766890,3.856377,-0.196397,-0.108482,0.014921,3.118555,120.117000
-0.832958,3.856544,-0.193436,-0.103733,0.017335,3.117818,120.216000
-0.917740,3.861572,-0.189900,-0.110003,0.012438,3.118217,120.317000
-1.005227,3.862947,-0.187720,-0.111641,0.013965,3.121042,120.418000
-1.093642,3.863903,-0.185355,-0.108902,0.013288,3.123033,120.520000
-1.198501,3.862335,-0.183068,-0.106329,0.009110,3.123417,120.617000
-1.308900,3.866225,-0.180301,-0.102776,0.010030,3.120786,120.720000
-1.425733,3.877482,-0.176755,-0.105871,0.008858,3.115633,120.816000
-1.535223,3.888554,-0.173273,-0.102832,0.009142,3.112353,120.916000
-1.655631,3.901923,-0.169199,-0.097125,0.003858,3.106691,121.018000
-1.778012,3.917884,-0.165501,-0.093060,0.008074,3.102720,121.117000
-1.909182,3.926223,-0.162427,-0.100059,0.011750,-3.131902,121.217000
-2.032145,3.897136,-0.163318,-0.099391,0.024630,-3.022255,121.318000
-2.188484,3.887202,-0.162503,-0.099183,0.028083,-2.954576,121.418000
-2.300516,3.877224,-0.161507,-0.104255,0.036475,-2.900089,121.517000
-2.431039,3.840427,-0.163004,-0.097705,0.034648,-2.870926,121.617000
-2.584131,3.806891,-0.163023,-0.097907,0.032573,-2.856615,121.718000
-2.681414,3.738044,-0.166295,-0.093636,0.036637,-2.803554,121.817000
-2.783399,3.683812,-0.168136,-0.097057,0.044616,-2.718530,121.918000
-2.876037,3.619172,-0.171680,-0.078115,0.063027,-2.584888,122.022000
-2.979830,3.553246,-0.175254,-0.066979,0.069340,-2.489431,122.119000
-3.088492,3.487919,-0.179221,-0.053828,0.073311,-2.450639,122.221000
-3.174796,3.379554,-0.186352,-0.047751,0.074555,-2.419207,122.317000
-3.277200,3.295150,-0.191479,-0.044499,0.074894,-2.406413,122.420000
-3.379349,3.214770,-0.197061,-0.044814,0.081242,-2.402191,122.517000
-3.480126,3.133678,-0.202258,-0.047801,0.077061,-2.391886,122.619000
-3.580964,3.052449,-0.207745,-0.051535,0.079699,-2.387587,122.721000
-3.672608,2.967233,-0.213493,-0.052718,0.080714,-2.387764,122.817000
-3.763256,2.877244,-0.222330,-0.055716,0.084235,-2.349127,122.917000
-3.835829,2.779496,-0.231679,-0.049154,0.089147,-2.271864,123.017000
-3.889000,2.682504,-0.243700,-0.037858,0.095014,-2.147024,123.117000
-3.930946,2.577137,-0.256430,-0.024140,0.099450,-2.041849,123.219000
-3.959291,2.467206,-0.269419,-0.006056,0.103283,-1.915623,123.317000
-3.978521,2.356733,-0.282331,-0.005718,0.103247,-1.775755,123.417000
-3.981829,2.244076,-0.295110,0.006237,0.101964,-1.634476,123.517000
-3.977489,2.129652,-0.308087,0.011452,0.101413,-1.496504,123.620000
-3.958112,2.019838,-0.320278,0.022463,0.096655,-1.351966,123.721000
-3.923083,1.913150,-0.331566,0.037845,0.091285,-1.206103,123.819000
-3.905082,1.810772,-0.342118,0.032798,0.087815,-1.130155,123.921000
-3.848569,1.706129,-0.352718,0.050841,0.082293,-1.080729,124.017000
-3.787112,1.603204,-0.363697,0.049061,0.084778,-1.037786,124.118000
-3.717735,1.520474,-0.372455,0.060770,0.079791,-0.945436,124.220000
-3.640188,1.445647,-0.381098,0.073759,0.079973,-0.841820,124.317000
-3.557034,1.373030,-0.389581,0.088034,0.072176,-0.731214,124.417000
-3.460553,1.307201,-0.397074,0.091503,0.059938,-0.612499,124.521000
-3.384948,1.242784,-0.404443,0.091888,0.052670,-0.532525,124.617000
-3.285594,1.184065,-0.410706,0.093967,0.043275,-0.474746,124.717000
-3.180377,1.115632,-0.418034,0.090518,0.041001,-0.435994,124.816000
-3.066199,1.058215,-0.423681,0.087269,0.034740,-0.413774,124.917000
-2.951282,1.003266,-0.428811,0.085599,0.030953,-0.394288,125.018000
-2.846022,0.947006,-0.433049,0.087695,0.027659,-0.393921,125.118000
-2.737383,0.902074,-0.435745,0.093262,0.022835,-0.385777,125.222000
-2.628283,0.857021,-0.438640,0.092146,0.019918,-0.382224,125.317000
-2.518951,0.812427,-0.442463,0.101663,0.027609,-0.376863,125.421000
-2.410373,0.765918,-0.446475,0.099140,0.027583,-0.377589,125.516000
-2.299779,0.724361,-0.450302,0.101106,0.030180,-0.374082,125.618000
-2.186636,0.673842,-0.455471,0.094077,0.032264,-0.373547,125.719000
-2.072793,0.623936,-0.461233,0.096331,0.037394,-0.373680,125.818000
-1.954897,0.567284,-0.467143,0.093085,0.033462,-0.370217,125.919000
-1.837583,0.512463,-0.472620,0.098333,0.031200,-0.370989,126.021000
-1.720455,0.458094,-0.477712,0.095629,0.028908,-0.372759,126.116000
-1.603797,0.404770,-0.483252,0.099495,0.032546,-0.368394,126.218000
-1.486861,0.353327,-0.488424,0.099588,0.031216,-0.368466,126.317000
-1.362380,0.304651,-0.493250,0.097620,0.031024,-0.366735,126.417000
-1.238430,0.248074,-0.498119,0.099592,0.025482,-0.369251,126.521000
-1.116136,0.202481,-0.501804,0.103175,0.024948,-0.369509,126.616000
-0.986775,0.152488,-0.505923,0.100496,0.025231,-0.367381,126.718000
-0.858159,0.102499,-0.510330,0.102401,0.027374,-0.368868,126.817000
-0.743581,0.021418,-0.518834,0.100690,0.039231,-0.440449,126.916000
-0.637087,-0.064567,-0.526245,0.097553,0.044069,-0.550300,127.017000
-0.541048,-0.151339,-0.535955,0.085582,0.054055,-0.670663,127.118000
-0.459907,-0.260995,-0.547994,0.078084,0.063366,-0.790830,127.218000
-0.380117,-0.340484,-0.557824,0.062311,0.076016,-0.904457,127.319000
-0.299111,-0.444745,-0.570287,0.059604,0.081313,-0.982446,127.419000
-0.237230,-0.536263,-0.581454,0.051401,0.083391,-1.036749,127.521000
-0.153213,-0.627608,-0.592684,0.056305,0.085625,-1.065638,127.619000
-0.095861,-0.733318,-0.605859,0.052128,0.093358,-1.091425,127.719000
-0.065096,-0.895480,-0.625513,0.039404,0.100406,-1.173650,127.823000
-0.029692,-1.040238,-0.644378,0.036748,0.109763,-1.245433,127.921000
0.017273,-1.217602,-0.667438,0.031226,0.111511,-1.280932,128.020000
0.037986,-1.348747,-0.685246,0.031971,0.113261,-1.310848,128.122000
0.080971,-1.472603,-0.702121,0.031175,0.113096,-1.324705,128.218000
0.117010,-1.604683,-0.720283,0.026091,0.115465,-1.337127,128.321000
0.136062,-1.723570,-0.736419,0.025964,0.111919,-1.337604,128.423000
0.147944,-1.851371,-0.754151,0.026402,0.116281,-1.338426,128.522000
0.199264,-1.970849,-0.772494,0.024619,0.118082,-1.338533,128.618000
0.233186,-2.092204,-0.790582,0.020286,0.114811,-1.341973,128.718000
0.267301,-2.213667,-0.808870,0.016788,0.116097,-1.341796,128.819000
0.301053,-2.334496,-0.826994,0.012815,0.115233,-1.339892,128.918000
0.296906,-2.458992,-0.844033,-0.002716,0.109779,-1.411766,129.017000
0.293800,-2.583962,-0.861223,-0.009994,0.109082,-1.509007,129.122000
0.304219,-2.705048,-0.878591,-0.017308,0.111234,-1.572729,129.218000
0.309241,-2.826353,-0.895451,-0.027134,0.107048,-1.616180,129.320000
0.308688,-2.940631,-0.910966,-0.024563,0.102578,-1.648338,129.421000
0.307597,-3.057964,-0.926855,-0.027058,0.101244,-1.658612,129.519000
0.296391,-3.180984,-0.943505,-0.025403,0.102257,-1.664747,129.619000
0.284523,-3.321326,-0.962010,-0.024713,0.102546,-1.667494,129.721000
0.270619,-3.453403,-0.979032,-0.024566,0.100247,-1.673627,129.819000
0.261672,-3.579815,-0.995649,-0.020152,0.101309,-1.674273,129.923000
0.249262,-3.701583,-1.011633,-0.020552,0.100336,-1.674745,130.021000
0.236439,-3.822618,-1.027172,-0.017622,0.099372,-1.677377,130.120000
0.224818,-3.939591,-1.042845,-0.017079,0.103828,-1.679210,130.222000
0.213671,-4.056581,-1.057483,-0.011226,0.095183,-1.677376,130.321000
0.202506,-4.173075,-1.072430,-0.014925,0.098178,-1.676018,130.422000
0.190641,-4.288988,-1.087365,-0.009404,0.095500,-1.676957,130.519000
0.178157,-4.404745,-1.102216,-0.016812,0.094916,-1.678099,130.622000
0.166058,-4.520279,-1.116934,-0.018329,0.093709,-1.676069,130.720000
0.161828,-4.629300,-1.132032,-0.015226,0.102379,-1.674748,130.823000
0.162900,-4.742846,-1.147497,-0.019171,0.098736,-1.670866,130.920000
0.163388,-4.856685,-1.162722,-0.014726,0.096883,-1.671414,131.022000
0.161464,-4.972011,-1.177066,-0.017443,0.087903,-1.678910,131.120000
0.152740,-5.086391,-1.191395,-0.018415,0.088766,-1.735309,131.220000
0.120587,-5.200993,-1.205434,-0.026507,0.085011,-1.820144,131.318000
0.082795,-5.323017,-1.220068,-0.042403,0.080220,-1.948082,131.421000
0.034336,-5.440900,-1.234167,-0.041469,0.076037,-2.048149,131.518000
-0.039433,-5.542460,-1.247619,-0.049109,0.074294,-2.188949,131.620000
-0.131793,-5.637216,-1.260385,-0.073971,0.064746,-2.344740,131.721000
-0.236240,-5.700489,-1.270670,-0.078130,0.059278,-2.489129,131.820000
-0.342816,-5.767486,-1.285370,-0.090953,0.054878,-2.619659,131.919000
-0.460036,-5.815095,-1.298159,-0.095417,0.042971,-2.756455,132.023000
-0.581263,-5.851190,-1.310286,-0.100768,0.037038,-2.859828,132.121000
-0.703656,-5.901982,-1.323808,-0.109774,0.027944,-2.921976,132.223000
-0.833965,-5.941756,-1.334991,-0.109177,0.022655,-2.964052,132.319000
-0.959608,-5.962688,-1.344235,-0.108866,0.020865,-2.999214,132.420000
-1.083200,-5.998163,-1.355388,-0.102023,0.023204,-3.009441,132.522000
-1.200756,-6.013640,-1.366794,-0.104033,0.024386,-3.024817,132.618000
-1.323799,-6.034598,-1.378767,-0.103198,0.023297,-3.030388,132.718000
-1.456653,-6.042838,-1.389379,-0.112099,0.022426,-3.034997,132.820000
-1.587509,-6.053259,-1.400208,-0.109024,0.021986,-3.037579,132.918000
-1.709059,-6.067539,-1.412125,-0.111145,0.027352,-3.040621,133.020000
-1.829827,-6.081061,-1.423486,-0.106663,0.022838,-3.044543,133.121000
-1.946525,-6.093603,-1.434867,-0.111321,0.024218,-3.046231,133.220000
-2.062349,-6.106264,-1.446504,-0.109652,0.026397,-3.046354,133.317000
-2.172132,-6.122703,-1.458203,-0.113972,0.025358,-3.047364,133.420000
-2.280770,-6.141222,-1.469769,-0.110309,0.022640,-3.045238,133.522000
-2.383719,-6.153953,-1.480312,-0.114131,0.019017,-3.050242,133.619000
-2.485764,-6.167072,-1.491364,-0.116499,0.021800,-3.049088,133.719000
-2.587161,-6.180259,-1.502388,-0.121014,0.019361,-3.048447,133.818000
-2.689342,-6.193936,-1.512972,-0.124776,0.014648,-3.046006,133.922000
-2.792246,-6.206966,-1.522947,-0.121218,0.014517,-3.046998,134.017000
-2.895344,-6.219286,-1.533874,-0.127148,0.018392,-3.047522,134.118000
-2.998681,-6.233708,-1.545267,-0.125047,0.020562,-3.046689,134.221000
-3.102617,-6.246006,-1.556917,-0.130982,0.022059,-3.061357,134.320000
-3.206970,-6.251112,-1.567478,-0.133153,0.012677,-3.122019,134.418000
-3.311763,-6.243485,-1.576169,-0.129512,0.001286,3.058709,134.520000
-3.415149,-6.222294,-1.582676,-0.126205,-0.011907,2.946213,134.619000
-3.515763,-6.189423,-1.587779,-0.128597,-0.024858,2.834947,134.718000
-3.618398,-6.135111,-1.590000,-0.118233,-0.043578,2.696392,134.821000
-3.727647,-6.079901,-1.592218,-0.114571,-0.052989,2.613781,134.917000
-3.838012,-5.987453,-1.588920,-0.104333,-0.074713,2.467674,135.018000
-3.913448,-5.898903,-1.586171,-0.101068,-0.087870,2.309325,135.119000
-3.984922,-5.805476,-1.583003,-0.097152,-0.095671,2.203094,135.218000
-4.044217,-5.697347,-1.577622,-0.083266,-0.106576,2.074792,135.318000
-4.092286,-5.571226,-1.569434,-0.054854,-0.117554,1.948910,135.421000
-4.127531,-5.447995,-1.561497,-0.030764,-0.124395,1.843736,135.519000
-4.162077,-5.320541,-1.552811,-0.028936,-0.127917,1.782606,135.621000
-4.191053,-5.200736,-1.545432,-0.021420,-0.126366,1.741402,135.717000
-4.221603,-5.088284,-1.539538,-0.016456,-0.126002,1.706370,135.818000
-4.254269,-4.947563,-1.530207,-0.019862,-0.131155,1.693270,135.920000
-4.267354,-4.819911,-1.522681,-0.014261,-0.130293,1.678198,136.021000
-4.294598,-4.685201,-1.514246,-0.009599,-0.130894,1.678793,136.120000
-4.326566,-4.550826,-1.505270,-0.011816,-0.134352,1.713419,136.218000
-4.364945,-4.414265,-1.495647,-0.036812,-0.138475,1.769672,136.318000
-4.369354,-4.284769,-1.486792,-0.039817,-0.137570,1.784247,136.418000
-4.401314,-4.157938,-1.478033,-0.049553,-0.137495,1.798609,136.519000
-4.430694,-4.039807,-1.471395,-0.051309,-0.129963,1.806212,136.621000
-4.458784,-3.924346,-1.465264,-0.056393,-0.128558,1.809606,136.722000
-4.489761,-3.810794,-1.459206,-0.059145,-0.130922,1.812473,136.817000
-4.521181,-3.697902,-1.452921,-0.065344,-0.130083,1.814603,136.919000
-4.550490,-3.595128,-1.448053,-0.066776,-0.128569,1.809965,137.020000
-4.586708,-3.498045,-1.443866,-0.073643,-0.132752,1.812401,137.117000
-4.605393,-3.390214,-1.436038,-0.072620,-0.134515,1.783352,137.217000
-4.616823,-3.281245,-1.427658,-0.056008,-0.139807,1.719262,137.317000
-4.614241,-3.171907,-1.418916,-0.037755,-0.143307,1.599084,137.420000
-4.605315,-3.061609,-1.409820,-0.019130,-0.146634,1.483944,137.517000
-4.580257,-2.949294,-1.399950,-0.011510,-0.147511,1.354787,137.617000
-4.543663,-2.841029,-1.389898,-0.004651,-0.150206,1.232852,137.717000
-4.504092,-2.727230,-1.378877,0.001954,-0.151034,1.129347,137.821000
-4.477109,-2.606966,-1.367672,0.011299,-0.148523,1.075716,137.919000
-4.418178,-2.496134,-1.356084,0.016143,-0.145881,1.035757,138.017000
-4.355949,-2.387078,-1.344184,0.025345,-0.147958,1.009869,138.118000
-4.288639,-2.280191,-1.332931,0.030887,-0.141915,0.966985,138.221000
-4.207721,-2.182419,-1.322568,0.045316,-0.135950,0.887936,138.317000
-4.116638,-2.094260,-1.313121,0.074050,-0.127690,0.771410,138.420000
-4.019376,-2.019542,-1.306149,0.091368,-0.114354,0.652263,138.520000
-3.920260,-1.961113,-1.301513,0.102998,-0.098344,0.514286,138.620000
-3.813986,-1.915094,-1.298400,0.108735,-0.084337,0.388712,138.718000
-3.709379,-1.879560,-1.297173,0.116967,-0.069257,0.289428,138.817000
-3.598989,-1.841014,-1.295773,0.114303,-0.061032,0.230858,138.918000
-3.486945,-1.807351,-1.295531,0.117703,-0.049865,0.196271,139.020000
-3.354811,-1.787529,-1.296282,0.112505,-0.050750,0.185613,139.120000
-3.235780,-1.767814,-1.296511,0.110249,-0.056204,0.167076,139.217000
-3.118070,-1.747162,-1.297004,0.105744,-0.052037,0.153432,139.318000
-3.000112,-1.726608,-1.297335,0.102925,-0.052432,0.147254,139.420000
-2.881966,-1.707086,-1.298183,0.104239,-0.048644,0.143827,139.522000
-2.763650,-1.688177,-1.299437,0.108837,-0.046613,0.138442,139.619000
-2.644866,-1.670070,-1.300244,0.110001,-0.050558,0.133312,139.719000
-2.526912,-1.651857,-1.301350,0.116474,-0.047978,0.131988,139.817000
-2.414439,-1.638398,-1.303255,0.109460,-0.050610,0.135049,139.918000
-2.302165,-1.617815,-1.304254,0.108016,-0.051520,0.136024,140.018000
-2.189620,-1.596352,-1.305123,0.107538,-0.051829,0.136938,140.121000
-2.077167,-1.575547,-1.306243,0.109648,-0.050171,0.136422,140.217000
-1.964525,-1.555045,-1.307287,0.109206,-0.051009,0.135497,140.318000
-1.852080,-1.534703,-1.307970,0.107148,-0.054094,0.137385,140.420000
-1.739522,-1.514356,-1.308637,0.110562,-0.055131,0.137757,140.520000
-1.627001,-1.493491,-1.308361,0.107698,-0.063077,0.138888,140.621000
-1.514181,-1.474543,-1.308325,0.106853,-0.062822,0.139707,140.721000
-1.401036,-1.455621,-1.308507,0.103706,-0.060897,0.139966,140.822000
-1.290141,-1.430084,-1.307971,0.100581,-0.060515,0.144028,140.917000
-1.179341,-1.404094,-1.307445,0.104834,-0.059918,0.146572,141.018000
-1.068634,-1.378539,-1.307165,0.101412,-0.059933,0.148052,141.119000
-0.939610,-1.350863,-1.306123,0.100357,-0.058606,0.148032,141.220000
-0.830535,-1.354355,-1.310007,0.098330,-0.053607,0.140485,141.320000
-0.688370,-1.349552,-1.311059,0.101378,-0.058230,0.137065,141.422000
-0.564155,-1.334439,-1.311873,0.102203,-0.061776,0.178168,141.521000
-0.422378,-1.296832,-1.309147,0.097000,-0.072467,0.267099,141.622000
-0.295364,-1.255121,-1.306850,0.090023,-0.080995,0.377230,141.722000
-0.179272,-1.220436,-1.305972,0.082982,-0.088381,0.475675,141.818000
-0.097448,-1.110721,-1.298924,0.073429,-0.094232,0.629814,141.918000
0.034418,-1.069459,-1.297951,0.060336,-0.103178,0.747209,142.020000
0.135006,-0.959872,-1.290732,0.051695,-0.104999,0.841154,142.117000
0.208837,-0.904088,-1.289238,0.048759,-0.100996,0.897251,142.217000
0.297759,-0.812953,-1.283769,0.044334,-0.097503,0.879660,142.317000
0.376948,-0.728783,-1.280177,0.049048,-0.087419,0.823645,142.417000
0.444482,-0.672007,-1.280110,0.058660,-0.075875,0.727836,142.521000
0.504268,-0.589033,-1.278136,0.070303,-0.064136,0.635158,142.617000
0.622885,-0.536351,-1.278330,0.076484,-0.054985,0.506750,142.720000
0.737767,-0.502650,-1.280206,0.082363,-0.045573,0.375362,142.823000
0.843157,-0.468036,-1.281956,0.080690,-0.036269,0.244074,142.921000
0.952191,-0.444515,-1.284849,0.080560,-0.030197,0.140218,143.018000
1.062928,-0.421313,-1.287966,0.086431,-0.024980,0.072546,143.119000
1.183010,-0.393723,-1.290693,0.083368,-0.021227,0.037931,143.218000
1.298135,-0.367056,-1.293540,0.081751,-0.020689,0.021809,143.317000
1.414287,-0.370924,-1.299331,0.088580,-0.018613,0.005530,143.418000
1.537072,-0.362571,-1.303726,0.090555,-0.019748,-0.002497,143.519000
1.659885,-0.363803,-1.308956,0.091396,-0.020298,-0.009204,143.620000
1.787366,-0.354864,-1.313586,0.094543,-0.016651,-0.009858,143.721000
1.914545,-0.349019,-1.318140,0.100913,-0.019144,-0.011037,143.821000
2.024619,-0.343565,-1.322288,0.107114,-0.025713,-0.008102,143.920000
2.113084,-0.344850,-1.327533,0.101369,-0.027334,-0.013190,144.021000
2.206442,-0.350217,-1.333783,0.099655,-0.025568,-0.014947,144.117000
2.293908,-0.344568,-1.339200,0.097471,-0.024982,-0.008285,144.218000
2.370294,-0.352881,-1.346061,0.098903,-0.027540,-0.011651,144.318000
2.424482,-0.349264,-1.352673,0.095257,-0.028721,-0.002552,144.419000
2.444137,-0.356510,-1.361247,0.095157,-0.028778,-0.005945,144.518000
2.460671,-0.368578,-1.370372,0.095324,-0.027643,-0.016389,144.620000
2.471942,-0.371316,-1.378761,0.095320,-0.028004,-0.014189,144.721000
2.482774,-0.373506,-1.387112,0.095319,-0.028004,-0.014198,144.820000
2.488029,-0.384634,-1.396479,0.095620,-0.026976,-0.024955,144.920000
2.501172,-0.383078,-1.404411,0.095401,-0.026923,-0.025664,145.017000
2.513412,-0.381288,-1.412348,0.095400,-0.026935,-0.025541,145.119000
2.521595,-0.393720,-1.421755,0.095660,-0.026009,-0.035222,145.221000
2.526665,-0.397080,-1.430398,0.095342,-0.026201,-0.033416,145.320000
2.531578,-0.399819,-1.438987,0.095347,-0.026197,-0.033475,145.420000
2.536853,-0.402956,-1.447616,0.095113,-0.026175,-0.033930,145.518000
2.537059,-0.410575,-1.456818,0.095337,-0.025363,-0.042450,145.620000
2.537501,-0.417379,-1.465937,0.095336,-0.025382,-0.042275,145.720000
2.538514,-0.423523,-1.474978,0.095339,-0.025383,-0.042272,145.820000
2.539040,-0.423835,-1.483483,0.095353,-0.025348,-0.042659,145.922000
2.539053,-0.424155,-1.492003,0.095353,-0.025359,-0.042559,146.017000
2.538867,-0.423866,-1.500473,0.095347,-0.025396,-0.042183,146.120000
2.538340,-0.423044,-1.508902,0.095349,-0.025402,-0.042134,146.218000
2.537999,-0.422939,-1.517396,0.095366,-0.025354,-0.042661,146.318000
2.537250,-0.422219,-1.525849,0.095165,-0.025365,-0.042688,146.419000
2.536603,-0.421586,-1.534307,0.095171,-0.025360,-0.042750,146.520000
2.536097,-0.421195,-1.542785,0.095180,-0.025340,-0.042981,146.621000
2.535595,-0.420525,-1.551235,0.095190,-0.025318,-0.043222,146.721000
2.540118,-0.431037,-1.560593,0.095453,-0.024317,-0.053710,146.821000
2.537402,-0.429943,-1.569071,0.095387,-0.024593,-0.050844,146.919000
2.535115,-0.428519,-1.577509,0.095399,-0.024561,-0.051191,147.018000
2.532257,-0.427518,-1.586003,0.095397,-0.024583,-0.050982,147.117000
2.528893,-0.426359,-1.594499,0.095385,-0.024647,-0.050330,147.219000
2.525667,-0.425341,-1.603004,0.095388,-0.024647,-0.050340,147.318000
2.522749,-0.424063,-1.611476,0.095391,-0.024651,-0.050319,147.422000
2.519777,-0.422844,-1.619965,0.095394,-0.024654,-0.050299,147.518000
2.517257,-0.421795,-1.628456,0.095404,-0.024629,-0.050578,147.617000
2.515033,-0.420854,-1.636952,0.095405,-0.024643,-0.050451,147.718000
2.512900,-0.420221,-1.645475,0.095419,-0.024604,-0.050867,147.822000
2.510747,-0.419422,-1.653993,0.095425,-0.024596,-0.050969,147.917000
2.509021,-0.418330,-1.662472,0.095451,-0.024510,-0.051884,148.019000
2.501414,-0.431948,-1.672514,0.095668,-0.023663,-0.060734,148.120000
2.497718,-0.426769,-1.680635,0.096640,-0.023694,-0.059213,148.221000
2.494301,-0.422221,-1.688807,0.096651,-0.023662,-0.059565,148.318000
2.496760,-0.419857,-1.697018,0.096691,-0.023517,-0.061078,148.419000
2.497672,-0.430827,-1.706547,0.096914,-0.022594,-0.070599,148.520000
2.494065,-0.426588,-1.714768,0.096624,-0.022683,-0.069863,148.618000
2.490369,-0.424271,-1.723177,0.096634,-0.022655,-0.070168,148.718000
2.485601,-0.433032,-1.732672,0.096809,-0.021910,-0.077866,148.817000
2.488154,-0.432268,-1.741045,0.096834,-0.021817,-0.078841,148.921000
2.490509,-0.431597,-1.749434,0.096841,-0.021801,-0.079019,149.020000
2.495576,-0.432603,-1.757904,0.096840,-0.021824,-0.078805,149.120000
2.501294,-0.433303,-1.766326,0.096854,-0.021781,-0.079260,149.222000
2.506377,-0.433694,-1.774738,0.096867,-0.021736,-0.079733,149.320000
2.511183,-0.433491,-1.783103,0.096866,-0.021760,-0.079506,149.419000
2.515919,-0.433352,-1.791477,0.096871,-0.021757,-0.079549,149.522000
2.520516,-0.433522,-1.799885,0.096875,-0.021755,-0.079593,149.620000
2.520449,-0.443539,-1.809371,0.097087,-0.020802,-0.089401,149.717000
2.523677,-0.446510,-1.818096,0.096830,-0.020918,-0.088408,149.819000
2.522686,-0.461532,-1.828089,0.097003,-0.020115,-0.096683,149.917000
2.521960,-0.464352,-1.836919,0.096983,-0.020230,-0.095517,150.018000
2.521908,-0.466670,-1.845681,0.096990,-0.020213,-0.095706,150.121000
2.522638,-0.468725,-1.854398,0.096716,-0.020203,-0.096021,150.221000
2.519838,-0.479141,-1.864011,0.096881,-0.019412,-0.104189,150.321000
2.519918,-0.482400,-1.872863,0.096887,-0.019401,-0.104317,150.419000
2.520215,-0.485485,-1.881694,0.096888,-0.019414,-0.104199,150.519000
2.520310,-0.487876,-1.890468,0.096645,-0.019424,-0.104256,150.618000
2.520536,-0.489604,-1.899179,0.096653,-0.019407,-0.104450,150.718000
2.522612,-0.501453,-1.908792,0.096834,-0.018499,-0.113826,150.820000
2.520072,-0.506881,-1.917935,0.096814,-0.018626,-0.112533,150.920000
2.516498,-0.506165,-1.926529,0.096803,-0.018699,-0.111796,151.022000
2.513155,-0.505634,-1.935138,0.096544,-0.018697,-0.112056,151.119000
2.509738,-0.504715,-1.943712,0.096544,-0.018713,-0.111899,151.218000
2.504954,-0.515527,-1.953431,0.096731,-0.017739,-0.121969,151.317000
2.503844,-0.512762,-1.961764,0.096717,-0.017834,-0.121007,151.418000
2.501997,-0.510128,-1.970131,0.096724,-0.017822,-0.121141,151.521000
2.500294,-0.507598,-1.978513,0.096729,-0.017810,-0.121281,151.617000
2.498975,-0.505647,-1.986942,0.096744,-0.017751,-0.121909,151.718000
2.497286,-0.503150,-1.995331,0.096743,-0.017777,-0.121653,151.820000
2.495816,-0.501143,-2.003758,0.096914,-0.017736,-0.122104,151.921000
2.494233,-0.511395,-2.013347,0.096874,-0.016870,-0.131330,152.018000
2.490019,-0.510581,-2.021973,0.096861,-0.016966,-0.130359,152.117000
2.485395,-0.509553,-2.030590,0.096868,-0.016948,-0.130558,152.219000
2.471653,-0.524311,-2.040963,0.096994,-0.016231,-0.137953,152.320000
2.458467,-0.526390,-2.050126,0.096943,-0.016561,-0.134579,152.422000
2.448134,-0.529576,-2.059313,0.096673,-0.016552,-0.134879,152.520000
2.437903,-0.531831,-2.068410,0.096849,-0.016590,-0.134543,152.618000
2.427453,-0.533558,-2.077467,0.096851,-0.016600,-0.134450,152.719000
2.417284,-0.534752,-2.086466,0.096857,-0.016585,-0.134620,152.820000
2.410254,-0.535775,-2.095359,0.096684,-0.016507,-0.135679,152.920000
2.401722,-0.547350,-2.105287,0.096835,-0.015615,-0.144892,153.021000
2.393270,-0.549833,-2.114361,0.096815,-0.015761,-0.143401,153.120000
2.385397,-0.551815,-2.123370,0.096821,-0.015751,-0.143515,153.222000
2.377285,-0.552899,-2.132303,0.096819,-0.015786,-0.143170,153.320000
2.370231,-0.561341,-2.141896,0.096960,-0.014914,-0.152165,153.421000
2.367004,-0.562941,-2.150737,0.096706,-0.014956,-0.151980,153.518000
2.364045,-0.563882,-2.159513,0.096507,-0.014967,-0.152186,153.619000
2.360694,-0.564660,-2.168286,0.096508,-0.014984,-0.152022,153.722000
2.356667,-0.572692,-2.177756,0.096646,-0.014086,-0.161309,153.821000
2.356012,-0.569131,-2.186044,0.096640,-0.014157,-0.160591,153.922000
2.355464,-0.565928,-2.194364,0.096645,-0.014148,-0.160707,154.019000
2.354545,-0.563238,-2.202746,0.096646,-0.014163,-0.160558,154.117000
2.353334,-0.561213,-2.211200,0.096648,-0.014175,-0.160450,154.217000
2.351875,-0.559071,-2.219648,0.096813,-0.014198,-0.160279,154.317000
2.350824,-0.557203,-2.228110,0.096819,-0.014187,-0.160403,154.421000
2.349898,-0.555410,-2.236575,0.096815,-0.014237,-0.159904,154.521000
2.346497,-0.565533,-2.246229,0.096911,-0.013592,-0.166560,154.621000
2.344192,-0.567617,-2.255099,0.096905,-0.013662,-0.165860,154.720000
2.340193,-0.580515,-2.265034,0.096777,-0.012793,-0.174961,154.818000
2.344748,-0.580594,-2.273526,0.096534,-0.012800,-0.175054,154.918000
