1.263204
47.186478
49.983997
50.208542
52.291424
48.556366
52.994247
48.249901
48.732933
47.018013
48.397472
49.807171
50.111668
51.031303
51.297424
49.659775
46.854668
51.625977
56.032066
57.785809
54.914379
54.150208
59.989895
58.084934
54.180496
61.024807
62.730392
64.024063
59.709709
63.578720
66.350655
63.857796
67.178207
67.917862
66.715210
66.318130
66.610580
68.925995
72.756104
74.396904
74.738350
70.551552
76.986198
75.381821
76.680550
72.810600
77.005508
77.753357
68.460503
71.069817
66.823158
69.982079
69.078163
64.352928
63.440182
69.428482
66.032906
59.946850
51.600697
54.850441
47.673820
50.296803
47.622040
52.488003
41.010109
38.974869
44.270161
44.423725
45.079227
47.195293
49.375969
54.451122
58.365444
63.975765
65.695152
52.369637
60.128349
62.280338
61.651016
63.281319
61.902248
59.491066
54.527233
58.088951
55.211708
55.567104
53.388046
45.608021
46.190220
49.386166
46.175819
41.977283
45.742645
46.219471
41.704441
48.727360
49.482174
44.660267
42.124046
45.797153
42.687519
45.599895
45.101665
44.020611
41.589390
42.567070
47.730896
42.321915
43.022266
42.354637
44.020737
44.869972
44.349792
45.281334
40.753593
42.406528
43.267811
42.914734
39.309162
42.744198
41.693539
41.906116
41.414268
40.530304
42.321415
44.623779
45.867001
41.574715
45.637676
43.058544
39.595310
41.053478
42.329323
42.607578
40.528446
42.989529
42.211147
39.215725
40.967014
42.112396
42.490383
41.661877
41.297150
41.212296
42.097973
40.098171
43.182907
43.040501
43.190792
42.457321
40.373817
40.722004
41.228981
43.497253
39.132835
39.923073
41.592842
40.830818
38.861897
42.539494
42.964272
45.351830
42.592812
41.177586
40.981331
39.976967
39.945507
42.094402
45.010475
44.296185
42.079376
43.747204
42.008961
39.024620
41.860001
42.979061
43.353004
41.253536
43.428169
42.556053
46.755993
41.826416
43.331776
41.661297
39.895149
43.653515
43.515789
41.225090
45.035763
42.429222
42.778652
41.566376
41.952316
43.401573
44.094830
44.151165
42.907925
43.973904
43.451630
45.173847
42.607304
43.590450
45.487217
43.428333
42.155502
43.301788
44.370152
43.719749
44.260456
44.745148
44.046234
44.900494
44.217712
44.557213
45.237114
41.514336
43.313438
43.064137
43.656170
43.051868
46.324932
43.042614
45.458523
45.493263
43.429977
44.554066
42.323238
44.165836
43.537777
41.584782
42.571079
41.677704
43.080776
44.141422
42.748791
41.797531
46.215958
46.051086
42.450737
46.518604
44.219082
42.723961
48.935890
46.511597
44.912247
43.610153
48.530430
44.671810
48.534595
45.220268
44.560806
43.243172
44.211143
47.477215
46.135822
42.183121
49.614811
44.653454
42.571693
46.726376
45.739773
44.600765
45.982529
45.688347
40.843277
44.171864
43.969566
40.926075
44.374016
45.813419
45.574604
45.493702
43.893089
49.569607
41.139301
43.573605
43.737270
44.931541
45.472370
42.186798
49.121010
43.837494
42.640026
43.319210
44.459114
43.940121
43.356487
46.375603
43.676033
44.630119
42.250141
41.876534
44.578465
46.378418
45.389275
46.592743
43.652184
46.919956
43.308186
42.304207
42.599430
46.020191
40.808540
44.257351
43.992855
45.436543
43.051708
45.058376
43.015011
44.966381
43.819263
42.546471
46.318924
45.595833
42.796932
44.306652
44.381229
43.413204
45.243473
45.140614
42.667900
41.632713
45.184708
42.550465
41.511890
43.532497
39.180405
43.572346
39.493710
43.162659
40.926163
37.153324
40.407761
43.463512
38.892441
35.589348
41.821980
39.896828
41.251335
40.664761
41.684441
41.296810
40.518173
40.925797
45.114586
41.833351
43.137840
45.110313
38.503975
41.079411
45.804718
41.712997
40.812309
42.505550
38.240093
43.895142
38.737778
42.433739
38.787586
43.279697
42.224014
40.670338
38.045769
42.932522
35.388123
40.558617
42.772804
38.164032
44.021221
40.494431
36.801701
37.253498
36.489571
33.578369
35.666138
35.924980
37.063389
35.419815
39.755722
43.897423
45.184387
53.840305
53.223221
59.063622
56.361397
57.758587
56.629704
55.006287
55.961800
53.956692
50.377350
52.287525
67.328827
63.793945
60.493629
62.444271
65.601143
67.828117
71.100624
66.921555
66.816086
63.891155
62.196293
67.224525
56.410507
70.843346
74.108589
75.447502
75.554649
82.949417
83.693954
78.249962
75.543938
85.200691
85.305939
82.221748
79.663895
85.580086
87.622917
90.085030
81.748100
81.175011
82.945213
82.814354
88.042191
84.830414
87.508980
85.255844
82.099167
83.685493
81.867622
77.395294
82.157463
79.031700
79.726616
81.441048
83.703835
83.943710
77.524834
82.318771
81.476791
90.287888
85.865074
82.764648
92.736191
89.984970
91.299301
84.981804
80.713539
65.016731
63.367908
62.717918
63.994846
61.736317
63.916477
66.038826
63.689205
64.360825
60.948223
61.350151
56.492676
55.485996
51.952911
50.787205
45.560848
42.655247
43.421406
40.145847
41.367813
36.824062
38.074070
37.529617
39.958569
35.264912
35.257915
40.204956
38.576096
34.711548
36.932709
38.934601
46.696362
49.257492
51.501160
58.756535
60.249603
58.062241
55.792435
63.169853
57.757950
53.319931
46.858650
41.652763
35.298134
32.888767
32.879742
33.603569
32.801949
31.589703
30.639702
33.680786
34.980309
30.151531
35.059982
33.598911
31.184910
35.518143
37.189457
34.645370
37.438877
36.997421
35.186440
39.869156
36.777496
38.430367
44.661812
48.254292
55.550880
52.773129
56.900684
55.141582
54.963085
58.010803
56.838558
58.774776
54.065315
50.382164
43.364059
38.352196
36.163391
34.961689
38.508976
33.571899
35.452099
35.264118
36.960335
37.003941
36.125267
39.562214
38.249771
40.349003
35.654171
39.717869
37.807381
41.122959
41.892635
50.858593
52.420799
55.365978
57.925098
61.501827
60.316055
62.085457
59.760807
62.541725
57.872612
54.275291
44.091652
47.722893
45.668907
46.171333
47.830250
45.247005
40.774010
43.836899
38.573299
42.763332
41.454517
44.295982
41.899334
41.205608
40.130875
38.599037
39.925034
39.108273
40.451435
42.519016
47.761448
43.818913
47.594482
53.957832
58.545284
57.992119
62.992016
69.809456
75.722900
79.084930
84.680412
100.873672
104.542252
107.890823
103.166115
103.432716
106.595596
99.921532
101.687744
93.588051
80.899437
82.282509
80.224960
79.755135
84.388618
79.008537
78.825264
78.586784
85.057144
87.214577
76.421097
74.714973
85.057129
79.248947
80.677155
76.527931
71.503113
73.784523
71.254761
74.416512
75.458885
74.023155
72.910767
74.360222
76.199562
79.651505
80.869942
76.951836
86.880493
81.627350
79.073761
79.540421
75.126938
75.524185
77.609894
78.503906
78.613121
79.556343
76.944382
80.906342
82.078339
80.700714
76.156876
76.548965
73.524559
74.711800
74.728767
77.734856
76.211884
73.260666
75.555344
74.409843
73.394196
76.578400
73.476166
75.730850
79.091225
76.857063
77.584602
77.438484
76.764069
80.362846
81.141266
77.587479
77.011635
76.827789
74.805855
77.571297
76.560188
80.526352
81.145874
76.963730
79.068550
76.355576
80.370697
81.205399
82.454300
80.488121
80.105087
77.366531
76.938934
78.449738
80.092049
79.750565
77.544220
80.653717
81.553772
81.055817
78.966415
80.772011
81.514229
84.427544
85.511833
85.241829
84.460144
79.024117
77.931076
79.104057
81.208359
85.319916
82.543182
80.747505
80.164055
79.776894
82.298515
78.637733
80.228004
81.580574
87.030312
83.610291
79.120613
84.438713
83.908089
81.267349
81.108719
80.277870
79.426163
80.001366
79.870682
82.347191
84.618713
