-0.000349,0.000806,-0.000003,-0.000008,0.000013,0.000561,83.319000
0.002104,0.000364,-0.000001,-0.000034,0.000018,0.000540,83.415000
-0.001626,-0.005265,0.000007,-0.000019,-0.000009,-0.001622,83.521000
-0.007906,-0.002519,0.000009,-0.000019,0.000004,0.000375,83.616000
-0.012823,0.006047,0.000009,-0.000020,0.000028,0.003491,83.717000
-0.017565,0.010384,0.000017,-0.000006,0.000049,0.002621,83.816000
-0.022245,0.014370,0.000029,-0.000000,0.000031,0.002593,83.916000
-0.026288,0.019061,0.000043,-0.000001,0.000061,0.002749,84.016000
-0.022697,0.026930,-0.000174,-0.000069,-0.002167,0.005842,84.117000
0.022877,0.033907,-0.000643,-0.002059,0.001339,0.010855,84.221000
0.075356,0.043231,-0.000950,-0.001648,0.000226,0.011540,84.315000
0.134217,0.054218,-0.001306,0.001361,0.002029,0.014213,84.417000
0.200502,0.055483,-0.001668,0.002893,0.001660,0.013481,84.515000
0.267188,0.057370,-0.001966,0.007538,0.001680,0.014312,84.615000
0.334273,0.061376,-0.002382,0.010468,0.001597,0.040302,84.715000
0.411601,0.082155,-0.003063,0.012150,0.000503,0.111574,84.819000
0.482916,0.096147,-0.003771,0.008510,-0.002857,0.181366,84.915000
0.552416,0.117182,-0.004546,0.008225,-0.002102,0.273713,85.017000
0.619440,0.160784,-0.005218,0.011815,0.000007,0.374188,85.121000
0.696515,0.166866,-0.006161,0.012245,-0.003224,0.415046,85.215000
0.778808,0.193284,-0.007049,0.008566,-0.002078,0.457478,85.320000
0.859282,0.211004,-0.007832,0.008562,-0.002950,0.477717,85.414000
0.928215,0.247904,-0.008477,0.009300,-0.002154,0.494171,85.515000
0.999377,0.281277,-0.009300,0.008823,-0.001203,0.500865,85.619000
1.070169,0.314717,-0.009976,0.010662,-0.002476,0.506111,85.716000
1.141110,0.347679,-0.010684,0.009453,-0.002385,0.509461,85.818000
1.221815,0.378358,-0.011310,0.013706,-0.001706,0.504261,85.915000
1.284198,0.430953,-0.011552,0.016677,-0.003665,0.511795,86.017000
1.356668,0.459096,-0.012730,0.017288,-0.002950,0.508882,86.119000
1.416655,0.478674,-0.014154,0.015318,-0.002111,0.508283,86.217000
1.513393,0.520696,-0.015329,0.014805,-0.002733,0.515611,86.320000
1.591135,0.547102,-0.016762,0.014443,-0.000758,0.515452,86.416000
1.664182,0.585978,-0.017453,0.015530,-0.004357,0.515506,86.519000
1.736329,0.625079,-0.018407,0.014771,-0.001283,0.515586,86.620000
1.808598,0.670009,-0.018739,0.011275,-0.002814,0.518682,86.717000
1.883014,0.716952,-0.019250,0.010325,-0.001812,0.545933,86.818000
1.955212,0.767950,-0.019380,0.010136,-0.005255,0.604587,86.918000
2.020056,0.841959,-0.019499,0.010878,-0.003559,0.695294,87.018000
2.091021,0.902589,-0.019332,0.011017,-0.003447,0.788110,87.118000
2.129002,0.971760,-0.018643,0.017466,-0.004907,0.893091,87.220000
2.204328,1.014404,-0.017909,0.009496,-0.004853,0.974534,87.318000
2.275356,1.066588,-0.017471,0.012577,-0.003609,1.027799,87.419000
2.319408,1.126704,-0.014185,0.010077,-0.004966,1.064220,87.519000
2.362505,1.187833,-0.010481,0.008496,-0.008735,1.087068,87.618000
2.385166,1.258193,-0.006856,0.009616,-0.006654,1.133406,87.720000
2.403751,1.329649,-0.003027,0.012373,-0.008116,1.191045,87.816000
2.418642,1.402482,0.000354,0.007290,-0.005206,1.246135,87.915000
2.434018,1.474642,0.003642,0.005787,-0.004259,1.279617,88.016000
2.460406,1.545784,0.007013,0.007022,-0.004323,1.298484,88.119000
2.478472,1.611091,0.010152,0.005324,-0.003661,1.331442,88.218000
2.490712,1.679636,0.013334,0.002337,-0.004690,1.387468,88.317000
2.504645,1.744889,0.016472,0.004708,-0.004593,1.421306,88.416000
2.517039,1.810568,0.019526,0.002291,-0.003054,1.443421,88.520000
2.534868,1.879901,0.022328,0.002742,-0.002353,1.455511,88.619000
2.550518,1.948137,0.025008,0.003765,-0.002835,1.463459,88.720000
2.563718,2.016014,0.027489,0.002259,-0.001914,1.468047,88.819000
2.581132,2.085156,0.029793,0.000088,-0.001999,1.470556,88.919000
2.591255,2.156761,0.031852,-0.004052,0.000109,1.470924,89.017000
2.612506,2.246951,0.033883,-0.004708,0.001539,1.458540,89.119000
2.632554,2.335421,0.035800,-0.003009,0.002500,1.460766,89.217000
2.640218,2.404854,0.037577,-0.000376,0.003452,1.455936,89.318000
2.655046,2.473334,0.039277,0.001527,0.003083,1.457722,89.416000
2.660484,2.534640,0.040848,0.000040,0.001736,1.457223,89.520000
2.682502,2.599595,0.042263,0.000298,-0.000034,1.456586,89.620000
2.695974,2.660099,0.043829,-0.000383,-0.003483,1.490568,89.721000
2.693637,2.717286,0.045144,-0.005482,-0.003953,1.555870,89.819000
2.677381,2.780961,0.046544,-0.006642,-0.005482,1.641263,89.917000
2.662250,2.839588,0.047797,-0.005643,-0.004854,1.736370,90.020000
2.641694,2.896614,0.049063,-0.008266,-0.006822,1.825222,90.119000
2.614674,2.951602,0.050196,-0.009235,-0.005055,1.940198,90.221000
2.584991,3.009446,0.051373,-0.011266,-0.006141,2.024445,90.317000
2.551114,3.064905,0.052585,-0.008531,-0.005291,2.092004,90.416000
2.528830,3.108536,0.053283,-0.003794,-0.005377,2.131568,90.519000
2.495780,3.181574,0.054312,-0.003868,-0.007659,2.150401,90.623000
2.448659,3.239753,0.055284,-0.002929,-0.009377,2.192720,90.719000
2.399240,3.288888,0.055971,-0.003725,-0.007188,2.259076,90.823000
2.347759,3.333040,0.056331,-0.007932,-0.004146,2.328695,90.918000
2.292685,3.374230,0.057086,-0.010609,-0.007067,2.420585,91.017000
2.234022,3.409320,0.057898,-0.012509,-0.007268,2.518731,91.117000
2.172036,3.439049,0.057137,-0.014831,-0.003615,2.620027,91.219000
2.105580,3.481182,0.056600,-0.014786,-0.002547,2.678969,91.316000
2.038079,3.520315,0.056287,-0.016663,-0.004670,2.717948,91.417000
1.970233,3.557171,0.055945,-0.019301,-0.004263,2.740438,91.516000
1.902028,3.592779,0.055598,-0.026428,-0.004241,2.756578,91.625000
1.842913,3.617415,0.055360,-0.025308,-0.004813,2.772016,91.718000
1.785559,3.645834,0.055127,-0.020420,-0.003581,2.777436,91.817000
1.728412,3.684145,0.054885,-0.023609,-0.003710,2.782006,91.919000
1.663566,3.689723,0.053622,-0.023588,-0.001196,2.818256,92.021000
1.590551,3.692974,0.052083,-0.021423,0.001988,2.878635,92.121000
1.520852,3.693244,0.050638,-0.018747,0.002460,2.954913,92.216000
1.451692,3.701893,0.049119,-0.024876,0.003148,3.032158,92.320000
1.341568,3.716449,0.047901,-0.023395,0.002021,3.061910,92.417000
1.243210,3.717828,0.046078,-0.020847,0.007807,3.093148,92.518000
1.147895,3.722289,0.044567,-0.018645,0.004839,3.111225,92.621000
1.055489,3.726371,0.042857,-0.022953,0.004233,3.124214,92.719000
0.965726,3.727392,0.040927,-0.023154,0.005617,3.129825,92.820000
0.897263,3.727580,0.039070,-0.023819,0.004635,3.139937,92.916000
0.847904,3.733183,0.037307,-0.024851,0.005702,3.134629,93.019000
0.800754,3.730680,0.035294,-0.022557,0.009386,3.139140,93.119000
0.757349,3.738170,0.033632,-0.020840,0.008330,-3.141033,93.220000
0.714651,3.736923,0.031722,-0.016940,0.009856,-3.137985,93.317000
0.672430,3.740907,0.030089,-0.018297,0.006355,-3.134683,93.418000
0.631937,3.740430,0.028248,-0.016894,0.009259,-3.134639,93.521000
0.591839,3.739871,0.026377,-0.016640,0.010832,-3.134896,93.617000
0.551606,3.738996,0.024882,-0.016345,0.007391,-3.134634,93.720000
0.511767,3.738477,0.023368,-0.014806,0.007815,-3.134457,93.819000
0.471641,3.737082,0.021783,-0.014994,0.008359,-3.133118,93.919000
0.431968,3.736189,0.019978,-0.012765,0.008177,-3.133221,94.019000
0.392175,3.732974,0.018013,-0.013643,0.011992,-3.133593,94.120000
0.351880,3.729216,0.016194,-0.012620,0.011293,-3.132374,94.223000
0.311149,3.727534,0.014371,-0.009311,0.012579,-3.131560,94.321000
0.270079,3.725457,0.012594,-0.010167,0.012801,-3.131567,94.420000
0.229447,3.724040,0.011082,-0.007981,0.009759,-3.132837,94.517000
0.192793,3.724769,0.009436,-0.010012,0.011450,-3.122561,94.620000
0.161086,3.727477,0.007991,-0.012209,0.010132,-3.121599,94.716000
0.134558,3.726929,0.006323,-0.012216,0.009433,-3.124447,94.819000
0.109814,3.727385,0.004701,-0.011829,0.009104,-3.123772,94.920000
0.087815,3.726310,0.003084,-0.011875,0.009033,-3.122849,95.022000
0.073147,3.725236,0.001562,-0.011888,0.008967,-3.120891,95.119000
0.058538,3.724931,0.000044,-0.012026,0.008884,-3.120866,95.222000
0.044207,3.724332,-0.001454,-0.012037,0.008830,-3.120826,95.318000
0.030715,3.724304,-0.002951,-0.012112,0.008752,-3.120989,95.419000
0.017704,3.724183,-0.004427,-0.012071,0.008668,-3.121004,95.519000
0.004922,3.725894,-0.005877,-0.012107,0.008634,-3.120832,95.618000
-0.008019,3.726981,-0.007316,-0.012210,0.008502,-3.120979,95.719000
-0.020920,3.728271,-0.008728,-0.012243,0.008425,-3.120620,95.821000
-0.026507,3.730095,-0.010072,-0.012298,0.008346,-3.123225,95.917000
-0.032100,3.731320,-0.011411,-0.012378,0.008327,-3.123180,96.019000
-0.035340,3.730112,-0.012721,-0.012364,0.008333,-3.120669,96.120000
-0.038800,3.729225,-0.014032,-0.012447,0.008306,-3.120893,96.217000
-0.041834,3.729046,-0.015303,-0.012602,0.008361,-3.120967,96.320000
-0.044588,3.729154,-0.016551,-0.012689,0.008331,-3.120793,96.420000
-0.047129,3.729894,-0.017773,-0.012727,0.008346,-3.121085,96.516000
-0.049177,3.730599,-0.018965,-0.012778,0.008330,-3.121215,96.617000
-0.051483,3.731703,-0.020139,-0.012820,0.008308,-3.121613,96.719000
-0.053232,3.732867,-0.021309,-0.012873,0.008302,-3.121517,96.818000
-0.054967,3.733417,-0.022481,-0.012925,0.008288,-3.121768,96.917000
-0.056399,3.733418,-0.023660,-0.012982,0.008270,-3.121106,97.017000
-0.058210,3.733902,-0.024803,-0.013020,0.008243,-3.121465,97.119000
-0.060034,3.734381,-0.025942,-0.013079,0.008227,-3.121528,97.216000
-0.061392,3.733975,-0.027062,-0.013098,0.008195,-3.121312,97.317000
-0.062809,3.733923,-0.028162,-0.013144,0.008185,-3.121140,97.419000
-0.064445,3.735767,-0.029250,-0.013203,0.008131,-3.121705,97.519000
-0.066203,3.737184,-0.030336,-0.013272,0.008111,-3.121530,97.617000
-0.067005,3.736786,-0.031414,-0.013283,0.008125,-3.120849,97.719000
-0.067473,3.736725,-0.032483,-0.013354,0.008092,-3.121506,97.820000
-0.067491,3.737134,-0.033543,-0.013433,0.008066,-3.121849,97.919000
-0.067290,3.737205,-0.034593,-0.013484,0.008042,-3.122061,98.021000
-0.066888,3.737478,-0.035627,-0.013555,0.008041,-3.121904,98.121000
-0.066528,3.737763,-0.036628,-0.013541,0.008018,-3.122118,98.221000
-0.064086,3.742205,-0.037542,-0.013564,0.008074,-3.119080,98.321000
-0.061505,3.738261,-0.038571,-0.013628,0.008079,-3.117014,98.419000
-0.060987,3.736885,-0.039572,-0.013629,0.008119,-3.115832,98.518000
-0.053228,3.740273,-0.040455,-0.013702,0.008041,-3.119382,98.617000
-0.046328,3.743172,-0.041344,-0.013798,0.008086,-3.119109,98.721000
-0.038801,3.737455,-0.042334,-0.013838,0.008145,-3.116546,98.821000
-0.041699,3.739739,-0.043294,-0.013846,0.008182,-3.114081,98.920000
-0.044215,3.741338,-0.044243,-0.013879,0.008159,-3.114111,99.017000
-0.046136,3.743172,-0.045185,-0.013963,0.008145,-3.113994,99.120000
-0.047733,3.744991,-0.046119,-0.014024,0.008124,-3.114067,99.216000
-0.049338,3.746344,-0.047042,-0.014065,0.008118,-3.113960,99.316000
-0.051120,3.747704,-0.047956,-0.014099,0.008113,-3.113803,99.416000
-0.041716,3.748248,-0.048791,-0.014180,0.008035,-3.118216,99.519000
-0.033015,3.748491,-0.049598,-0.014212,0.008040,-3.118038,99.620000
-0.024310,3.749474,-0.050368,-0.014235,0.008063,-3.118309,99.720000
-0.015439,3.749523,-0.051133,-0.014285,0.008069,-3.118392,99.817000
-0.001602,3.756337,-0.051764,-0.014293,0.008178,-3.112158,99.916000
0.011905,3.762378,-0.052398,-0.014363,0.008213,-3.112413,100.021000
0.026928,3.770676,-0.052982,-0.014387,0.008320,-3.108364,100.121000
0.039034,3.773102,-0.053678,-0.014504,0.008381,-3.108828,100.221000
0.050931,3.775445,-0.054362,-0.014555,0.008402,-3.108832,100.321000
0.074295,3.777020,-0.054947,-0.014599,0.008421,-3.110697,100.418000
0.098418,3.782859,-0.055466,-0.014620,0.008544,-3.105676,100.518000
0.120575,3.778936,-0.056139,-0.014671,0.008679,-3.102562,100.617000
0.140850,3.777963,-0.056752,-0.014693,0.008714,-3.102442,100.719000
0.160851,3.777601,-0.057349,-0.014720,0.008807,-3.102349,100.816000
0.180441,3.776887,-0.057952,-0.014751,0.008843,-3.102421,100.917000
0.199952,3.776227,-0.058528,-0.014779,0.008888,-3.101731,101.017000
0.218866,3.776294,-0.059082,-0.014837,0.008962,-3.101927,101.120000
0.237268,3.776293,-0.059621,-0.014842,0.009005,-3.101898,101.220000
0.258429,3.774402,-0.060181,-0.014922,0.009089,-3.099856,101.323000
0.275181,3.779252,-0.060659,-0.014978,0.009131,-3.101957,101.417000
0.289991,3.779141,-0.061240,-0.015089,0.009168,-3.102643,101.519000
0.304627,3.778757,-0.061810,-0.015139,0.009218,-3.102490,101.617000
0.319633,3.779106,-0.062361,-0.015197,0.009236,-3.102251,101.717000
0.334286,3.779135,-0.062911,-0.015230,0.009281,-3.102571,101.817000
0.349749,3.775569,-0.063493,-0.015214,0.009364,-3.100150,101.916000
0.382087,3.778460,-0.063807,-0.015275,0.009273,-3.108248,102.019000
0.410065,3.776136,-0.064259,-0.015391,0.009377,-3.107665,102.120000
0.437334,3.774458,-0.064693,-0.015403,0.009486,-3.107855,102.217000
0.462583,3.775455,-0.065097,-0.015465,0.009597,-3.107710,102.321000
0.487570,3.776946,-0.065493,-0.015523,0.009679,-3.107892,102.419000
0.511896,3.778299,-0.065874,-0.015540,0.009780,-3.107282,102.516000
0.535822,3.780120,-0.066219,-0.015581,0.009877,-3.107542,102.619000
0.559546,3.781801,-0.066535,-0.015589,0.009958,-3.106970,102.716000
0.582876,3.783441,-0.066845,-0.015614,0.010006,-3.107789,102.818000
0.605599,3.784771,-0.067166,-0.015662,0.010086,-3.108203,102.917000
0.628169,3.785266,-0.067499,-0.015673,0.010190,-3.107598,103.018000
0.647879,3.789580,-0.067778,-0.015719,0.010238,-3.109271,103.118000
0.667458,3.793013,-0.068078,-0.015783,0.010303,-3.109563,103.217000
0.686458,3.795994,-0.068379,-0.015797,0.010355,-3.109586,103.320000
0.704904,3.798642,-0.068704,-0.015903,0.010393,-3.110089,103.419000
0.721978,3.799952,-0.069054,-0.015934,0.010447,-3.110226,103.520000
0.739202,3.800535,-0.069400,-0.015932,0.010508,-3.109757,103.617000
0.755653,3.801563,-0.069741,-0.015966,0.010563,-3.109393,103.716000
0.771422,3.802111,-0.070074,-0.015986,0.010601,-3.109594,103.819000
0.787019,3.802979,-0.070406,-0.016027,0.010658,-3.109932,103.918000
0.801994,3.803867,-0.070767,-0.016126,0.010707,-3.109648,104.017000
0.815930,3.806261,-0.071115,-0.016153,0.010763,-3.109317,104.118000
0.829001,3.807174,-0.071484,-0.016182,0.010788,-3.110327,104.217000
0.841728,3.807707,-0.071836,-0.016200,0.010804,-3.110590,104.318000
0.853882,3.808224,-0.072187,-0.016224,0.010852,-3.110745,104.420000
0.879018,3.809822,-0.072378,-0.016327,0.010802,-3.116565,104.519000
0.904039,3.811075,-0.072567,-0.016350,0.010883,-3.116192,104.618000
0.928705,3.811965,-0.072749,-0.016360,0.010949,-3.116075,104.721000
0.952642,3.812848,-0.072918,-0.016386,0.011042,-3.116253,104.821000
0.976196,3.813187,-0.073084,-0.016408,0.011093,-3.116439,104.919000
0.999141,3.813808,-0.073255,-0.016456,0.011147,-3.116628,105.017000
1.016526,3.814790,-0.073483,-0.016520,0.011179,-3.118556,105.117000
1.033325,3.815618,-0.073714,-0.016553,0.011249,-3.118798,105.218000
1.049129,3.814711,-0.073953,-0.016547,0.011282,-3.119374,105.319000
1.064757,3.814434,-0.074197,-0.016601,0.011292,-3.119643,105.418000
1.078775,3.810766,-0.074511,-0.016625,0.011347,-3.118145,105.517000
1.093026,3.810551,-0.074765,-0.016630,0.011367,-3.118753,105.619000
1.106679,3.809588,-0.075027,-0.016672,0.011421,-3.118941,105.721000
1.117299,3.808874,-0.075310,-0.016717,0.011411,-3.119954,105.822000
1.127476,3.808162,-0.075599,-0.016758,0.011456,-3.119743,105.918000
1.137552,3.807394,-0.075887,-0.016770,0.011490,-3.119484,106.017000
1.147922,3.806614,-0.076184,-0.016825,0.011508,-3.119476,106.122000
1.158272,3.806480,-0.076454,-0.016833,0.011538,-3.119470,106.222000
1.169098,3.807107,-0.076719,-0.016880,0.011559,-3.119552,106.321000
1.179185,3.806087,-0.077025,-0.016914,0.011551,-3.119925,106.421000
1.189252,3.805539,-0.077325,-0.016953,0.011552,-3.119723,106.521000
1.198952,3.804614,-0.077611,-0.016925,0.011643,-3.119137,106.621000
1.208258,3.804484,-0.077912,-0.016981,0.011663,-3.119172,106.720000
1.217341,3.804325,-0.078207,-0.017000,0.011674,-3.119415,106.822000
1.237224,3.805567,-0.078337,-0.017038,0.011673,-3.120817,106.918000
1.255352,3.805921,-0.078493,-0.017057,0.011723,-3.121241,107.019000
1.273301,3.806286,-0.078650,-0.017111,0.011786,-3.121576,107.121000
1.290582,3.806406,-0.078808,-0.017132,0.011831,-3.121687,107.220000
1.306647,3.803439,-0.079032,-0.017157,0.011892,-3.119936,107.320000
1.320774,3.803257,-0.079236,-0.017183,0.011937,-3.120596,107.416000
1.335284,3.803317,-0.079424,-0.017182,0.011956,-3.120456,107.518000
1.352012,3.809963,-0.079491,-0.017211,0.012069,-3.116447,107.620000
1.378688,3.808511,-0.079584,-0.017278,0.012017,-3.122104,107.719000
1.401732,3.810726,-0.079666,-0.017352,0.012088,-3.122468,107.820000
1.424623,3.812127,-0.079780,-0.017410,0.012151,-3.122810,107.916000
1.445559,3.813468,-0.079898,-0.017450,0.012240,-3.122921,108.018000
1.455752,3.806465,-0.080276,-0.017418,0.012331,-3.119661,108.117000
1.460083,3.809541,-0.080532,-0.017467,0.012353,-3.121450,108.219000
1.464240,3.811900,-0.080810,-0.017541,0.012341,-3.121440,108.321000
1.468298,3.813880,-0.081096,-0.017559,0.012364,-3.121343,108.416000
1.472342,3.815510,-0.081381,-0.017589,0.012385,-3.120688,108.518000
1.476000,3.816695,-0.081676,-0.017589,0.012383,-3.120969,108.620000
1.479654,3.817614,-0.081980,-0.017641,0.012389,-3.120574,108.721000
1.483339,3.818435,-0.082261,-0.017624,0.012392,-3.120868,108.818000
1.486972,3.819521,-0.082547,-0.017677,0.012388,-3.120540,108.916000
1.490806,3.819810,-0.082830,-0.017697,0.012384,-3.120862,109.018000
1.491817,3.818850,-0.083177,-0.017736,0.012387,-3.121000,109.119000
1.493071,3.818480,-0.083502,-0.017767,0.012396,-3.121457,109.217000
1.494584,3.817796,-0.083831,-0.017789,0.012399,-3.121270,109.316000
1.496279,3.817351,-0.084163,-0.017820,0.012387,-3.121370,109.417000
1.497174,3.817212,-0.084498,-0.017828,0.012395,-3.121472,109.516000
1.497700,3.817518,-0.084827,-0.017881,0.012390,-3.121735,109.619000
1.498114,3.818073,-0.085170,-0.017908,0.012359,-3.121924,109.718000
1.498500,3.818371,-0.085523,-0.017953,0.012367,-3.121539,109.818000
1.498594,3.818812,-0.085869,-0.017992,0.012386,-3.120794,109.918000
1.499208,3.818934,-0.086215,-0.018037,0.012414,-3.120203,110.021000
1.500290,3.819225,-0.086553,-0.018065,0.012435,-3.120240,110.116000
1.501200,3.819360,-0.086898,-0.018084,0.012414,-3.120535,110.219000
1.502066,3.819784,-0.087219,-0.018090,0.012433,-3.120531,110.317000
1.502647,3.819951,-0.087535,-0.018088,0.012421,-3.120014,110.422000
1.502458,3.820151,-0.087857,-0.018093,0.012412,-3.119767,110.520000
1.502763,3.820889,-0.088151,-0.018088,0.012405,-3.119118,110.621000
1.505655,3.819903,-0.088438,-0.018116,0.012347,-3.119035,110.717000
1.508023,3.818856,-0.088729,-0.018156,0.012366,-3.118761,110.820000
1.510376,3.817423,-0.089035,-0.018158,0.012376,-3.118121,110.919000
1.513771,3.817726,-0.089285,-0.018170,0.012373,-3.118454,111.016000
1.516622,3.817548,-0.089557,-0.018190,0.012350,-3.118313,111.117000
1.518866,3.817219,-0.089802,-0.018141,0.012370,-3.118574,111.220000
1.521017,3.816505,-0.090066,-0.018155,0.012379,-3.118052,111.320000
1.522580,3.815360,-0.090337,-0.018161,0.012332,-3.117666,111.416000
1.524721,3.814055,-0.090602,-0.018168,0.012377,-3.116397,111.519000
1.526390,3.813406,-0.090861,-0.018182,0.012339,-3.116507,111.616000
1.528556,3.812650,-0.091118,-0.018212,0.012344,-3.116236,111.723000
1.530488,3.811930,-0.091383,-0.018230,0.012318,-3.116016,111.821000
1.540375,3.814575,-0.091471,-0.018252,0.012283,-3.118676,111.920000
1.547658,3.812567,-0.091650,-0.018230,0.012337,-3.116465,112.017000
1.554702,3.811210,-0.091818,-0.018242,0.012334,-3.116679,112.119000
1.557916,3.812021,-0.091991,-0.018228,0.012336,-3.117910,112.220000
1.564485,3.809896,-0.092187,-0.018238,0.012371,-3.116344,112.321000
1.571006,3.808526,-0.092350,-0.018239,0.012379,-3.116203,112.417000
1.577579,3.807508,-0.092492,-0.018234,0.012411,-3.116245,112.517000
1.584201,3.806662,-0.092632,-0.018233,0.012418,-3.116459,112.620000
1.591051,3.806273,-0.092763,-0.018256,0.012423,-3.116400,112.719000
1.597762,3.807817,-0.092849,-0.018260,0.012426,-3.117305,112.817000
1.604839,3.807177,-0.092994,-0.018301,0.012469,-3.116722,112.919000
1.611992,3.808721,-0.093076,-0.018275,0.012482,-3.117284,113.017000
1.619011,3.809457,-0.093196,-0.018313,0.012493,-3.117269,113.117000
1.626522,3.810792,-0.093296,-0.018340,0.012531,-3.117107,113.217000
1.629937,3.813581,-0.093416,-0.018357,0.012513,-3.117980,113.316000
1.634255,3.817848,-0.093507,-0.018352,0.012601,-3.114722,113.417000
1.638714,3.821393,-0.093604,-0.018364,0.012586,-3.114681,113.520000
1.641475,3.821911,-0.093783,-0.018413,0.012618,-3.115016,113.618000
1.643578,3.822520,-0.093960,-0.018448,0.012603,-3.115496,113.716000
1.645402,3.823593,-0.094165,-0.018511,0.012607,-3.115369,113.818000
1.647492,3.824076,-0.094371,-0.018515,0.012609,-3.115696,113.918000
1.652395,3.823102,-0.094565,-0.018537,0.012647,-3.114223,114.017000
1.656554,3.822348,-0.094760,-0.018552,0.012679,-3.114112,114.117000
1.660650,3.825577,-0.094880,-0.018616,0.012705,-3.112648,114.216000
1.664635,3.828289,-0.095012,-0.018665,0.012722,-3.112863,114.322000
1.667429,3.832646,-0.094788,-0.017619,0.014201,-3.131165,114.419000
1.643103,3.825490,-0.095168,-0.017936,0.014420,-3.125354,114.516000
1.619060,3.818277,-0.095509,-0.015638,0.015640,-3.123621,114.618000
1.593727,3.816472,-0.096278,-0.020464,0.014784,-3.124650,114.717000
1.566561,3.813924,-0.096846,-0.020439,0.011525,-3.124370,114.817000
1.541738,3.815888,-0.097445,-0.021133,0.012929,-3.122888,114.918000
1.516534,3.817932,-0.098744,-0.021965,0.014919,-3.122826,115.019000
1.490581,3.818177,-0.099917,-0.019224,0.014714,-3.123789,115.118000
1.496093,3.831587,-0.099872,-0.020781,0.017442,-3.134066,115.219000
1.461685,3.826996,-0.100839,-0.024517,0.016308,-3.138980,115.321000
1.412764,3.827552,-0.101773,-0.022638,0.015317,-3.136715,115.418000
1.371963,3.828850,-0.100937,-0.023540,0.014205,-3.139213,115.519000
1.330572,3.830081,-0.099871,-0.025769,0.009661,-3.138734,115.621000
1.288930,3.832032,-0.099133,-0.026758,0.014448,-3.139761,115.717000
1.244533,3.828050,-0.098482,-0.025793,0.014996,3.140230,115.820000
1.200085,3.823834,-0.097841,-0.025753,0.014240,3.140959,115.919000
1.154952,3.819109,-0.097123,-0.023888,0.013028,3.140180,116.017000
1.108577,3.811980,-0.096827,-0.027070,0.013899,-3.116242,116.119000
1.067325,3.796505,-0.096428,-0.024519,0.014780,-3.048459,116.220000
1.026919,3.789934,-0.095979,-0.025714,0.017202,-3.004649,116.316000
0.986073,3.780934,-0.094638,-0.028670,0.019826,-2.968363,116.420000
0.945678,3.771173,-0.093162,-0.031181,0.016863,-2.946851,116.518000
0.905850,3.760300,-0.089948,-0.035949,0.020863,-2.934726,116.618000
0.896238,3.770221,-0.085480,-0.036079,0.019404,-2.967500,116.716000
0.876517,3.748762,-0.082450,-0.038248,0.017268,-2.968261,116.820000
0.838826,3.750113,-0.078719,-0.039825,0.015096,-3.019171,116.920000
0.814279,3.745176,-0.074625,-0.038863,0.013968,-3.073450,117.019000
0.789703,3.741647,-0.070710,-0.038578,0.017035,-3.116893,117.116000
0.766429,3.743988,-0.066568,-0.040606,0.016696,3.136784,117.217000
0.753986,3.747695,-0.062152,-0.040936,0.015953,3.123555,117.318000
0.732277,3.749596,-0.057959,-0.040803,0.016548,3.106075,117.420000
0.710835,3.750737,-0.054185,-0.044973,0.014046,3.100620,117.519000
0.688808,3.751979,-0.050537,-0.043240,0.010077,3.095536,117.618000
0.670480,3.746663,-0.047284,-0.041103,0.011888,3.098500,117.717000
0.644859,3.747620,-0.043748,-0.037673,0.011053,3.102004,117.817000
0.619030,3.748771,-0.040303,-0.037106,0.011374,3.101770,117.918000
0.606938,3.742828,-0.036886,-0.037512,0.009027,3.105700,118.019000
0.585356,3.750284,-0.033105,-0.037514,0.007928,3.097617,118.119000
0.558392,3.748643,-0.029783,-0.036380,0.008889,3.100291,118.217000
0.492469,3.755918,-0.026447,-0.038725,0.007443,3.101703,118.317000
0.427085,3.762959,-0.023228,-0.037994,0.007420,3.102794,118.420000
0.361955,3.774144,-0.019969,-0.039750,0.009382,3.103739,118.521000
0.285552,3.785517,-0.016662,-0.035798,0.008377,3.101041,118.616000
0.229359,3.779401,-0.013788,-0.035203,0.008280,3.101873,118.717000
0.172190,3.782094,-0.010626,-0.035176,0.008283,3.103382,118.817000
0.111123,3.786487,-0.007349,-0.034715,0.006536,3.105356,118.917000
0.048029,3.793284,-0.004107,-0.034300,0.007757,3.105986,119.016000
-0.014582,3.798236,-0.000960,-0.036799,0.007659,3.104948,119.117000
-0.077737,3.803340,0.001977,-0.031394,0.008702,3.105834,119.219000
-0.141193,3.808953,0.004809,-0.037213,0.011851,3.106079,119.321000
-0.203484,3.817368,0.009350,-0.034270,0.010453,3.108171,119.418000
-0.265655,3.826242,0.013588,-0.037191,0.015019,3.107803,119.519000
-0.324893,3.828584,0.017513,-0.040068,0.017555,3.111328,119.617000
-0.383864,3.837990,0.021803,-0.042266,0.017205,3.111369,119.717000
-0.441968,3.843040,0.026115,-0.040830,0.015202,3.113404,119.818000
-0.500068,3.847525,0.030426,-0.042525,0.015251,3.114293,119.917000
-0.559024,3.852144,0.034958,-0.041153,0.013352,3.113935,120.021000
-0.624366,3.853023,0.039193,-0.039590,0.013894,3.111666,120.117000
-0.690556,3.853876,0.043388,-0.035410,0.016420,3.111061,120.216000
-0.775435,3.859504,0.047646,-0.040481,0.011032,3.111102,120.317000
-0.861037,3.864070,0.049196,-0.043964,0.011315,3.111225,120.418000
-0.954039,3.863597,0.050512,-0.041042,0.011729,3.118249,120.520000
-1.059637,3.864935,0.052102,-0.038361,0.007185,3.117093,120.617000
-1.170313,3.869021,0.053625,-0.034652,0.008045,3.115070,120.720000
-1.287194,3.881218,0.055359,-0.037465,0.006669,3.109863,120.816000
-1.396740,3.893138,0.056958,-0.033858,0.006852,3.106617,120.916000
-1.517142,3.907681,0.059135,-0.027896,0.001898,3.100687,121.018000
-1.639426,3.924863,0.060804,-0.024817,0.006503,3.097023,121.117000
-1.748888,3.902834,0.060952,-0.031164,0.006969,-3.112355,121.217000
-1.854618,3.876288,0.060764,-0.032701,0.011911,-3.018927,121.318000
-1.999232,3.856187,0.060440,-0.032227,0.011454,-2.944125,121.418000
-2.135151,3.845410,0.060295,-0.038401,0.016050,-2.889404,121.517000
-2.275339,3.808493,0.059987,-0.032510,0.012313,-2.860012,121.617000
-2.423461,3.773786,0.060508,-0.033284,0.008864,-2.844777,121.718000
-2.522281,3.706148,0.059967,-0.031043,0.009084,-2.792469,121.817000
-2.621993,3.650117,0.059395,-0.037058,0.011042,-2.707523,121.918000
-2.713000,3.583909,0.058327,-0.023973,0.021737,-2.573194,122.022000
-2.819404,3.521587,0.058271,-0.018401,0.021960,-2.479211,122.119000
-2.939012,3.447643,0.057657,-0.007181,0.024819,-2.431713,122.221000
-3.023361,3.331336,0.056274,-0.002547,0.024328,-2.399636,122.317000
-3.124361,3.245846,0.055250,-0.000327,0.023760,-2.387561,122.420000
-3.224977,3.163721,0.053249,-0.001190,0.029199,-2.383020,122.517000
-3.324204,3.081013,0.051133,-0.005772,0.024411,-2.372939,122.619000
-3.423559,2.998080,0.048759,-0.009796,0.026432,-2.368546,122.721000
-3.513630,2.911127,0.046399,-0.011102,0.027093,-2.368721,122.817000
-3.603588,2.818014,0.041281,-0.016074,0.028839,-2.331053,122.917000
-3.675288,2.718322,0.036238,-0.014165,0.030291,-2.252317,123.017000
-3.727915,2.618445,0.031608,-0.011199,0.031836,-2.136454,123.117000
-3.767721,2.506681,0.027001,-0.003410,0.033153,-2.022399,123.219000
-3.794462,2.391445,0.022262,0.005001,0.035544,-1.906217,123.317000
-3.805046,2.274275,0.018041,0.018605,0.035600,-1.764889,123.417000
-3.798062,2.156603,0.014264,0.021114,0.032660,-1.610193,123.517000
-3.725162,2.103490,0.007841,-0.045489,0.018036,-2.828800,123.620000
-3.704622,2.282258,0.013901,0.017639,0.057899,-1.507447,123.721000
-3.930926,2.119715,-0.001067,0.016252,0.056494,-1.546917,123.819000
-3.818409,2.030605,-0.007253,0.013557,0.053881,-1.403203,123.921000
-3.835123,1.886333,-0.017596,0.029008,0.049172,-1.380558,124.017000
-3.797478,1.765967,-0.026680,0.026444,0.052077,-1.330072,124.118000
-3.758085,1.664197,-0.034147,0.034711,0.048766,-1.239578,124.220000
-3.707964,1.567567,-0.041380,0.043934,0.051435,-1.136226,124.317000
-3.650947,1.471361,-0.048285,0.054731,0.046776,-1.025816,124.417000
-3.578160,1.378799,-0.054399,0.055625,0.038324,-0.906661,124.521000
-3.524255,1.294449,-0.060143,0.054549,0.033701,-0.826495,124.617000
-3.445943,1.209390,-0.064933,0.055721,0.026564,-0.768410,124.717000
-3.364436,1.113237,-0.070303,0.051900,0.025483,-0.729498,124.816000
-3.271570,1.025252,-0.074515,0.048673,0.019794,-0.707197,124.917000
-3.177269,0.939435,-0.078220,0.046745,0.016511,-0.687598,125.018000
-3.092684,0.855014,-0.080830,0.048769,0.013016,-0.687107,125.118000
-3.001637,0.780542,-0.082187,0.053899,0.008547,-0.678767,125.222000
-2.910161,0.705761,-0.083340,0.053085,0.005142,-0.675160,125.317000
-2.818360,0.631265,-0.085015,0.061531,0.013535,-0.670134,125.421000
-2.727800,0.555218,-0.086805,0.059362,0.013332,-0.670870,125.516000
-2.634230,0.482952,-0.088224,0.059890,0.015546,-0.667578,125.618000
-2.540608,0.401745,-0.090914,0.054700,0.017505,-0.667111,125.719000
-2.445230,0.321163,-0.093924,0.057267,0.022472,-0.667581,125.818000
-2.348871,0.232280,-0.097161,0.054653,0.018472,-0.663943,125.919000
-2.252480,0.145379,-0.099852,0.059637,0.016134,-0.664620,126.021000
-2.156097,0.059047,-0.102489,0.057481,0.013598,-0.666315,126.116000
-2.059859,-0.026142,-0.105442,0.061162,0.017133,-0.662109,126.218000
-1.962766,-0.109516,-0.108265,0.061724,0.015493,-0.662154,126.317000
-1.857580,-0.192283,-0.110754,0.059972,0.015250,-0.660432,126.417000
-1.755210,-0.282389,-0.112966,0.062252,0.009474,-0.662748,126.521000
-1.651321,-0.361629,-0.114268,0.065260,0.008615,-0.662993,126.616000
-1.541868,-0.447134,-0.115916,0.062838,0.008629,-0.660922,126.718000
-1.433169,-0.532439,-0.117517,0.064431,0.010179,-0.662525,126.817000
-1.346979,-0.643596,-0.121582,0.063813,0.018953,-0.734499,126.916000
-1.269771,-0.756882,-0.125225,0.063546,0.019060,-0.835158,127.017000
-1.202555,-0.867743,-0.129641,0.055936,0.025937,-0.957698,127.118000
-1.155226,-0.980679,-0.134378,0.051580,0.030856,-1.074282,127.218000
-1.110068,-1.090769,-0.139896,0.039724,0.040533,-1.191111,127.319000
-1.055286,-1.214845,-0.145781,0.039200,0.043827,-1.268525,127.419000
-1.026235,-1.322489,-0.151435,0.033112,0.044780,-1.323498,127.521000
-0.974751,-1.436398,-0.156890,0.038879,0.047263,-1.350733,127.619000
-0.950114,-1.555833,-0.163342,0.035242,0.053301,-1.377288,127.719000
-0.965963,-1.721044,-0.173722,0.026119,0.058872,-1.459281,127.823000
-0.973257,-1.871358,-0.183720,0.025960,0.067188,-1.530938,127.921000
-0.977510,-2.055079,-0.196198,0.022256,0.068174,-1.566134,128.020000
-0.994292,-2.188316,-0.205610,0.024062,0.069218,-1.595937,128.122000
-0.987014,-2.320639,-0.214351,0.022883,0.068624,-1.609303,128.218000
-0.989874,-2.459656,-0.223995,0.019329,0.070647,-1.622408,128.321000
-1.005565,-2.579080,-0.232122,0.019352,0.066946,-1.622483,128.423000
-1.030533,-2.705678,-0.241187,0.019513,0.071303,-1.623374,128.522000
-1.016033,-2.835208,-0.249597,0.017930,0.072175,-1.623213,128.618000
-1.017978,-2.962418,-0.257972,0.014257,0.069233,-1.626867,128.718000
-1.019762,-3.090084,-0.265912,0.010895,0.069154,-1.626736,128.819000
-1.021651,-3.217069,-0.273952,0.007144,0.068870,-1.624868,128.918000
-1.058853,-3.334762,-0.281138,-0.003182,0.062093,-1.692983,129.017000
-1.096465,-3.455690,-0.288505,-0.007036,0.061255,-1.792954,129.122000
-1.119410,-3.576759,-0.296151,-0.011563,0.062940,-1.855907,129.218000
-1.147664,-3.696403,-0.303313,-0.018989,0.058568,-1.899196,129.320000
-1.180416,-3.807585,-0.309478,-0.015132,0.054015,-1.931327,129.421000
-1.214541,-3.920451,-0.315669,-0.018913,0.052763,-1.942090,129.519000
-1.259905,-4.036080,-0.322183,-0.017016,0.053190,-1.948647,129.619000
-1.310592,-4.168511,-0.329812,-0.016065,0.053046,-1.951314,129.721000
-1.361970,-4.292143,-0.335394,-0.016249,0.050511,-1.957065,129.819000
-1.406274,-4.411898,-0.340762,-0.011135,0.051321,-1.957914,129.923000
-1.452776,-4.525122,-0.345840,-0.011199,0.050223,-1.958108,130.021000
-1.499441,-4.637586,-0.350453,-0.008219,0.049211,-1.960753,130.120000
-1.544063,-4.747649,-0.355562,-0.007390,0.053404,-1.962468,130.222000
-1.588128,-4.857815,-0.359390,-0.002247,0.045008,-1.960714,130.321000
-1.631989,-4.967497,-0.363530,-0.006390,0.048026,-1.959335,130.422000
-1.676379,-5.076359,-0.367405,-0.001498,0.045498,-1.960310,130.519000
-1.721278,-5.184960,-0.371226,-0.008813,0.044833,-1.961445,130.622000
-1.765680,-5.293570,-0.374880,-0.010380,0.043622,-1.959427,130.720000
-1.800773,-5.397792,-0.379040,-0.007848,0.052113,-1.957882,130.823000
-1.831363,-5.507283,-0.383486,-0.011330,0.047985,-1.953895,130.920000
-1.862677,-5.616953,-0.387432,-0.007401,0.046206,-1.954449,131.022000
-1.896367,-5.727436,-0.390546,-0.009345,0.037058,-1.961741,131.120000
-1.936403,-5.835207,-0.393307,-0.008330,0.038562,-2.017940,131.220000
-1.999766,-5.937069,-0.395889,-0.012136,0.035559,-2.101292,131.318000
-2.068035,-6.045210,-0.398839,-0.021588,0.032743,-2.227836,131.421000
-2.146068,-6.146304,-0.401226,-0.016787,0.031060,-2.327763,131.518000
-2.246989,-6.223075,-0.403601,-0.019346,0.033340,-2.468655,131.620000
-2.363060,-6.288294,-0.406010,-0.037280,0.028361,-2.624347,131.721000
-2.481771,-6.320136,-0.407078,-0.037177,0.028511,-2.768594,131.820000
-2.596609,-6.349463,-0.408857,-0.045927,0.029716,-2.890837,131.919000
-2.714842,-6.361944,-0.409883,-0.047527,0.023724,-3.028969,132.023000
-2.837213,-6.367304,-0.411113,-0.051212,0.022227,-3.130426,132.121000
-2.971160,-6.383511,-0.412971,-0.059042,0.015717,3.089544,132.223000
-3.106218,-6.388775,-0.414284,-0.057098,0.013456,3.049108,132.319000
-3.235605,-6.377802,-0.414577,-0.056882,0.011820,3.012450,132.420000
-3.366747,-6.379763,-0.415930,-0.050313,0.013984,3.002318,132.522000
-3.484787,-6.363601,-0.416479,-0.052230,0.015355,2.987167,132.618000
-3.609393,-6.352877,-0.417331,-0.051527,0.013939,2.981366,132.718000
-3.739047,-6.327059,-0.417392,-0.060170,0.012879,2.976575,132.820000
-3.867906,-6.302543,-0.417500,-0.057100,0.011807,2.973984,132.918000
-3.990498,-6.284325,-0.418609,-0.059214,0.016797,2.971476,133.020000
-4.112127,-6.265479,-0.419127,-0.054930,0.012347,2.967357,133.121000
-4.228114,-6.247054,-0.419595,-0.058090,0.013593,2.965996,133.220000
-4.342277,-6.229503,-0.420341,-0.056275,0.015380,2.965995,133.317000
-4.453740,-6.216055,-0.420977,-0.060322,0.014132,2.965428,133.420000
-4.564488,-6.207343,-0.421548,-0.056793,0.011157,2.968008,133.522000
-4.663381,-6.190963,-0.421241,-0.060192,0.007558,2.961650,133.619000
-4.761354,-6.177918,-0.421321,-0.062911,0.008622,2.962336,133.719000
-4.858901,-6.165338,-0.421463,-0.066762,0.007011,2.963066,133.818000
-4.957447,-6.152897,-0.421403,-0.069672,0.001776,2.965234,133.922000
-5.056314,-6.139994,-0.421036,-0.067877,0.002250,2.964770,134.017000
-5.155279,-6.126533,-0.421271,-0.072565,0.004340,2.963760,134.118000
-5.255882,-6.116032,-0.421775,-0.071354,0.007126,2.964986,134.221000
-5.356474,-6.103106,-0.422801,-0.076194,0.008754,2.950569,134.320000
-5.454057,-6.079655,-0.422994,-0.074689,0.002828,2.882578,134.418000
-5.548928,-6.045562,-0.422154,-0.073125,-0.003616,2.784254,134.520000
-5.639257,-6.000416,-0.418424,-0.070326,-0.011775,2.670522,134.619000
-5.722840,-5.941599,-0.414013,-0.071500,-0.019700,2.549771,134.718000
-5.805223,-5.861873,-0.407704,-0.062762,-0.030399,2.411772,134.821000
-5.892745,-5.780120,-0.401415,-0.060406,-0.035262,2.328591,134.917000
-5.978171,-5.660919,-0.391674,-0.053324,-0.047951,2.182079,135.018000
-6.027690,-5.550938,-0.382605,-0.054335,-0.054867,2.017913,135.119000
-6.068796,-5.437843,-0.373347,-0.054059,-0.058207,1.910721,135.218000
-6.091651,-5.314891,-0.362729,-0.045109,-0.064075,1.789902,135.318000
-6.094788,-5.188162,-0.350910,-0.023965,-0.070821,1.662174,135.421000
-6.087749,-5.063423,-0.339155,-0.005961,-0.075228,1.557850,135.519000
-6.081752,-4.934380,-0.326988,-0.007170,-0.077941,1.497993,135.621000
-6.074237,-4.814445,-0.315451,-0.002278,-0.075732,1.457620,135.717000
-6.072512,-4.700137,-0.304531,0.001377,-0.076225,1.423385,135.818000
-6.064745,-4.555849,-0.291159,-0.002859,-0.079576,1.409315,135.920000
-6.041685,-4.430364,-0.279129,0.002681,-0.079666,1.395287,136.021000
-6.030806,-4.293913,-0.266498,0.007335,-0.080323,1.395504,136.120000
-6.024468,-4.156510,-0.253242,0.006768,-0.084586,1.429887,136.218000
-6.025555,-4.015865,-0.239269,0.008620,-0.088177,1.485289,136.318000
-5.995542,-3.889269,-0.226842,0.006260,-0.087000,1.502062,136.418000
-5.989100,-3.758017,-0.211324,-0.003067,-0.088156,1.516853,136.519000
-5.984221,-3.634298,-0.197518,-0.004688,-0.081951,1.525264,136.621000
-5.978275,-3.514777,-0.184211,-0.010036,-0.081058,1.528308,136.722000
-5.976733,-3.396523,-0.170974,-0.014211,-0.083710,1.530731,136.817000
-5.975844,-3.278938,-0.158068,-0.019813,-0.082544,1.532740,136.919000
-5.976003,-3.171844,-0.146251,-0.021211,-0.081860,1.527948,137.020000
-5.984469,-3.068128,-0.134783,-0.026803,-0.086533,1.530214,137.117000
-5.977055,-2.962007,-0.122858,-0.028413,-0.086073,1.504448,137.217000
-5.962011,-2.856624,-0.110454,-0.014089,-0.089629,1.437662,137.317000
-5.930085,-2.755601,-0.098202,-0.002523,-0.088891,1.317460,137.420000
-5.891930,-2.654188,-0.085999,0.009187,-0.089092,1.203188,137.517000
-5.837526,-2.552623,-0.075417,0.013527,-0.090263,1.074880,137.617000
-5.772862,-2.454976,-0.063162,0.015563,-0.090771,0.941046,137.717000
-5.699389,-2.358244,-0.050430,0.016167,-0.089705,0.837083,137.821000
-5.640286,-2.250965,-0.037378,0.021290,-0.086370,0.785006,137.919000
-5.551795,-2.161903,-0.024661,0.023217,-0.083421,0.745190,138.017000
-5.460652,-2.075540,-0.011715,0.029955,-0.085200,0.719478,138.118000
-5.365211,-1.992751,0.000428,0.032945,-0.079136,0.676896,138.221000
-5.253567,-1.924814,0.010288,0.043937,-0.071964,0.587782,138.317000
-5.139916,-1.869142,0.019356,0.062942,-0.066100,0.475270,138.420000
-5.026826,-1.828610,0.026211,0.072937,-0.055149,0.357005,138.520000
-4.914032,-1.800805,0.031763,0.076398,-0.043089,0.220444,138.620000
-4.798097,-1.787197,0.036081,0.075775,-0.033345,0.094812,138.718000
-4.687710,-1.785866,0.038971,0.079135,-0.022202,-0.006389,138.817000
-4.572719,-1.781793,0.041924,0.074735,-0.017582,-0.061681,138.918000
-4.457542,-1.783252,0.043825,0.076125,-0.007978,-0.100206,139.020000
-4.324848,-1.801229,0.045094,0.070653,-0.009762,-0.109137,139.120000
-4.202995,-1.818795,0.047086,0.068031,-0.016554,-0.127866,139.217000
-4.082565,-1.835014,0.048543,0.062062,-0.013514,-0.141646,139.318000
-3.962059,-1.851330,0.050222,0.059270,-0.014393,-0.147591,139.420000
-3.841579,-1.868822,0.051661,0.058962,-0.010615,-0.151159,139.522000
-3.721153,-1.886978,0.052775,0.062171,-0.008934,-0.156658,139.619000
-3.600489,-1.905910,0.054001,0.064365,-0.014243,-0.161621,139.719000
-3.480278,-1.924302,0.056796,0.068466,-0.011865,-0.163285,139.817000
-3.366237,-1.944992,0.058184,0.071510,-0.018299,-0.160747,139.918000
-3.251035,-1.959373,0.060438,0.070048,-0.019009,-0.159483,140.018000
-3.135485,-1.972894,0.062714,0.069762,-0.019459,-0.158524,140.121000
-3.020267,-1.987027,0.064748,0.071399,-0.017662,-0.159055,140.217000
-2.905084,-2.001860,0.066019,0.070770,-0.019361,-0.160088,140.318000
-2.790243,-2.016789,0.067657,0.069769,-0.022922,-0.158133,140.420000
-2.675363,-2.031667,0.069591,0.073110,-0.023822,-0.157720,140.520000
-2.560401,-2.045817,0.072476,0.071738,-0.032661,-0.156366,140.621000
-2.445816,-2.061766,0.075381,0.070628,-0.031788,-0.155443,140.721000
-2.330938,-2.077492,0.078074,0.067801,-0.030359,-0.155166,140.822000
-2.216971,-2.086121,0.081075,0.064646,-0.031238,-0.151433,140.917000
-2.103077,-2.094344,0.084002,0.068949,-0.029656,-0.148581,141.018000
-1.989414,-2.103125,0.086096,0.065868,-0.030558,-0.147165,141.119000
-1.854813,-2.115599,0.088548,0.064727,-0.029221,-0.147179,141.220000
-1.753431,-2.149219,0.087740,0.062601,-0.024901,-0.154529,141.320000
-1.616521,-2.188390,0.088654,0.065474,-0.029882,-0.158079,141.422000
-1.494107,-2.211472,0.089989,0.066969,-0.032207,-0.117026,141.521000
-1.347201,-2.216465,0.093697,0.064229,-0.039952,-0.027505,141.622000
-1.212066,-2.214323,0.097354,0.060770,-0.045338,0.082420,141.722000
-1.091369,-2.215731,0.100117,0.057129,-0.050581,0.180688,141.818000
-0.983178,-2.140636,0.107280,0.053744,-0.052673,0.327910,141.918000
-0.849229,-2.135044,0.110848,0.045388,-0.059890,0.448389,142.020000
-0.720934,-2.056480,0.118960,0.040657,-0.060359,0.542173,142.117000
-0.635577,-2.027739,0.121977,0.039772,-0.054670,0.597832,142.217000
-0.522328,-1.967864,0.127265,0.035489,-0.052404,0.581467,142.317000
-0.426001,-1.911106,0.130990,0.037761,-0.042879,0.524411,142.417000
-0.346499,-1.875988,0.132557,0.043289,-0.033279,0.429021,142.521000
-0.265120,-1.815329,0.135084,0.050975,-0.023586,0.336443,142.617000
-0.136647,-1.800195,0.135611,0.052311,-0.017442,0.208106,142.720000
-0.016626,-1.802559,0.135396,0.053586,-0.011533,0.076815,142.823000
0.095074,-1.801127,0.135491,0.048119,-0.006345,-0.054541,142.921000
0.206873,-1.811563,0.134841,0.045265,-0.003533,-0.158504,143.018000
0.319682,-1.822348,0.134052,0.049166,-0.000785,-0.226300,143.119000
0.441021,-1.833271,0.133093,0.044742,0.001883,-0.263725,143.218000
0.558525,-1.836706,0.132607,0.043712,0.001370,-0.278086,143.317000
0.665449,-1.877004,0.130511,0.050297,0.002219,-0.294296,143.418000
0.783794,-1.904542,0.129374,0.050932,0.002211,-0.302035,143.519000
0.899369,-1.942676,0.127918,0.051531,0.000722,-0.309451,143.620000
1.021752,-1.971865,0.126723,0.054343,0.004236,-0.310147,143.721000
1.143343,-2.003170,0.125970,0.060396,0.001636,-0.311191,143.821000
1.248642,-2.030853,0.125961,0.066383,-0.004803,-0.307901,143.920000
1.333808,-2.059904,0.125297,0.060788,-0.006732,-0.313524,144.021000
1.420162,-2.093230,0.123220,0.060094,-0.005445,-0.315861,144.117000
1.506641,-2.113897,0.121780,0.057462,-0.004194,-0.308863,144.218000
1.577367,-2.145113,0.119737,0.058686,-0.006769,-0.311748,144.318000
1.627227,-2.156940,0.117786,0.055494,-0.007894,-0.301903,144.419000
1.645367,-2.171103,0.115166,0.055312,-0.008157,-0.305499,144.518000
1.661077,-2.182148,0.112676,0.055262,-0.007602,-0.314499,144.620000
1.675658,-2.190324,0.110358,0.055334,-0.007890,-0.313770,144.721000
1.689785,-2.197728,0.108153,0.055344,-0.007919,-0.313732,144.820000
1.693348,-2.213376,0.105329,0.055455,-0.007361,-0.324881,144.920000
1.707477,-2.217396,0.103407,0.055421,-0.007346,-0.325674,145.017000
1.720055,-2.220236,0.101545,0.055458,-0.007422,-0.325420,145.119000
1.723897,-2.235216,0.098903,0.055540,-0.006952,-0.335309,145.221000
1.727843,-2.240821,0.096794,0.055486,-0.007084,-0.333443,145.320000
1.731766,-2.245723,0.094780,0.055470,-0.007122,-0.333435,145.420000
1.735851,-2.251191,0.092836,0.055480,-0.007082,-0.333936,145.518000
1.733795,-2.259697,0.090682,0.055546,-0.006572,-0.342744,145.620000
1.732190,-2.267452,0.088616,0.055540,-0.006598,-0.342556,145.720000
1.731319,-2.274734,0.086684,0.055512,-0.006570,-0.342563,145.820000
1.732404,-2.275846,0.085192,0.055511,-0.006557,-0.342710,145.922000
1.732962,-2.276866,0.083762,0.055527,-0.006552,-0.342601,146.017000
1.733542,-2.277220,0.082443,0.055527,-0.006571,-0.342099,146.120000
1.733787,-2.277214,0.081198,0.055540,-0.006551,-0.342040,146.218000
1.734016,-2.277863,0.079967,0.055521,-0.006524,-0.342556,146.318000
1.734044,-2.277797,0.078830,0.055558,-0.006503,-0.342682,146.419000
1.734090,-2.277712,0.077746,0.055565,-0.006499,-0.342706,146.520000
1.734087,-2.278038,0.076697,0.055587,-0.006474,-0.343028,146.621000
1.734095,-2.278139,0.075704,0.055594,-0.006450,-0.343304,146.721000
1.734822,-2.290420,0.074152,0.055636,-0.005870,-0.353960,146.821000
1.732098,-2.287969,0.073294,0.055614,-0.006048,-0.350882,146.919000
1.729925,-2.285528,0.072482,0.055643,-0.006020,-0.351177,147.018000
1.726949,-2.283320,0.071702,0.055673,-0.005996,-0.351024,147.117000
1.723469,-2.280989,0.070964,0.055676,-0.006017,-0.350307,147.219000
1.719996,-2.278922,0.070258,0.055683,-0.005994,-0.350298,147.318000
1.716896,-2.276763,0.069597,0.055656,-0.005990,-0.350292,147.422000
1.713741,-2.274723,0.068994,0.055675,-0.005946,-0.350285,147.518000
1.710891,-2.273033,0.068420,0.055665,-0.005922,-0.350574,147.617000
1.708206,-2.271544,0.067881,0.055673,-0.005887,-0.350436,147.718000
1.705511,-2.270544,0.067352,0.055691,-0.005841,-0.350958,147.822000
1.702856,-2.269465,0.066910,0.055692,-0.005793,-0.351079,147.917000
1.700656,-2.268546,0.066496,0.055725,-0.005720,-0.352029,148.019000
1.689216,-2.280562,0.065246,0.055764,-0.005221,-0.360554,148.120000
1.687262,-2.275671,0.065109,0.055700,-0.005270,-0.359279,148.221000
1.685198,-2.271352,0.064969,0.055703,-0.005229,-0.359664,148.318000
1.687276,-2.270487,0.064793,0.055775,-0.005099,-0.361420,148.419000
1.683855,-2.281131,0.063922,0.055847,-0.004576,-0.370676,148.520000
1.679373,-2.275881,0.063878,0.055841,-0.004590,-0.369832,148.618000
1.674314,-2.272607,0.063770,0.055844,-0.004537,-0.370147,148.718000
1.666506,-2.281073,0.063042,0.055871,-0.004036,-0.378303,148.817000
1.670700,-2.281997,0.063007,0.055879,-0.003952,-0.379599,148.921000
1.674500,-2.282986,0.062966,0.055850,-0.003925,-0.379798,149.020000
1.679188,-2.285788,0.062885,0.055883,-0.003930,-0.379756,149.120000
1.684553,-2.288577,0.062817,0.055911,-0.003911,-0.380253,149.222000
1.689354,-2.291058,0.062739,0.055908,-0.003900,-0.380729,149.320000
1.694250,-2.292890,0.062679,0.055925,-0.003942,-0.380354,149.419000
1.698978,-2.294593,0.062648,0.055940,-0.003919,-0.380413,149.522000
1.703445,-2.296730,0.062567,0.055933,-0.003969,-0.380447,149.620000
1.700607,-2.306779,0.061956,0.055980,-0.003378,-0.390403,149.717000
1.703037,-2.310997,0.061782,0.055985,-0.003428,-0.389471,149.819000
1.698250,-2.325677,0.060927,0.056030,-0.002938,-0.397862,149.917000
1.697871,-2.328887,0.060782,0.056005,-0.003001,-0.396808,150.018000
1.698196,-2.331897,0.060678,0.056042,-0.002969,-0.397152,150.121000
1.699151,-2.334906,0.060612,0.056034,-0.002932,-0.397400,150.221000
1.693436,-2.345982,0.059987,0.056054,-0.002444,-0.406142,150.321000
1.692539,-2.350620,0.059842,0.056029,-0.002395,-0.406191,150.419000
1.692007,-2.355068,0.059747,0.056024,-0.002365,-0.406079,150.519000
1.691455,-2.358739,0.059700,0.056037,-0.002343,-0.406139,150.618000
1.691361,-2.361849,0.059700,0.056030,-0.002321,-0.406379,150.718000
1.689720,-2.374900,0.059173,0.056044,-0.001783,-0.415624,150.820000
1.685512,-2.380592,0.058988,0.056029,-0.001823,-0.414296,150.920000
1.682370,-2.380397,0.059173,0.055985,-0.001794,-0.413917,151.022000
1.679548,-2.380381,0.059364,0.055988,-0.001774,-0.414147,151.119000
1.676666,-2.379740,0.059607,0.056043,-0.001742,-0.413952,151.218000
1.668793,-2.389947,0.059185,0.056050,-0.001163,-0.423900,151.317000
1.668291,-2.388796,0.059524,0.056030,-0.001178,-0.423162,151.418000
1.667101,-2.387409,0.059877,0.056046,-0.001142,-0.423276,151.521000
1.665867,-2.386326,0.060219,0.056059,-0.001114,-0.423344,151.617000
1.664947,-2.385692,0.060581,0.056065,-0.001045,-0.424071,151.718000
1.663761,-2.384188,0.060973,0.056099,-0.001063,-0.423717,151.820000
1.662788,-2.383135,0.061384,0.056126,-0.000986,-0.424186,151.921000
1.657938,-2.393029,0.061151,0.056118,-0.000434,-0.433587,152.018000
1.654357,-2.391793,0.061529,0.056097,-0.000484,-0.432646,152.117000
1.650414,-2.390194,0.061928,0.056095,-0.000431,-0.432822,152.219000
1.632460,-2.400838,0.061379,0.056091,0.000007,-0.440155,152.320000
1.618529,-2.399608,0.061546,0.056040,-0.000151,-0.436565,152.422000
1.606975,-2.400370,0.061703,0.056031,-0.000069,-0.436861,152.520000
1.596078,-2.399168,0.062007,0.055985,-0.000039,-0.436281,152.618000
1.585151,-2.397708,0.062341,0.055970,0.000008,-0.436134,152.719000
1.574707,-2.395979,0.062706,0.055979,0.000061,-0.436336,152.820000
1.569188,-2.396215,0.063120,0.055966,0.000204,-0.437810,152.920000
1.558428,-2.404899,0.062991,0.055953,0.000741,-0.446568,153.021000
1.550287,-2.406945,0.063293,0.055951,0.000704,-0.445125,153.120000
1.542814,-2.408537,0.063667,0.055961,0.000779,-0.445245,153.222000
1.535448,-2.407126,0.064201,0.055930,0.000753,-0.444155,153.320000
1.524954,-2.413720,0.064271,0.055926,0.001323,-0.453287,153.421000
1.520714,-2.414949,0.064761,0.055888,0.001350,-0.453075,153.518000
1.516874,-2.415699,0.065326,0.055914,0.001419,-0.453292,153.619000
1.512757,-2.416219,0.065913,0.055887,0.001444,-0.453139,153.722000
1.506243,-2.423165,0.066124,0.055862,0.001951,-0.461769,153.821000
1.505767,-2.420273,0.066979,0.055832,0.001963,-0.461341,153.922000
1.505420,-2.417786,0.067822,0.055833,0.002009,-0.461469,154.019000
1.504696,-2.415644,0.068622,0.055860,0.002016,-0.461309,154.117000
1.503419,-2.413955,0.069396,0.055866,0.002046,-0.461187,154.217000
1.501997,-2.412088,0.070189,0.055887,0.002066,-0.461009,154.317000
1.500912,-2.410635,0.070938,0.055882,0.002057,-0.461144,154.421000
1.499757,-2.409306,0.071679,0.055904,0.002062,-0.460585,154.521000
1.492454,-2.418706,0.071722,0.055883,0.002471,-0.467257,154.621000
1.489978,-2.421451,0.072248,0.055849,0.002469,-0.466383,154.720000
1.481969,-2.433013,0.072182,0.055827,0.002987,-0.475566,154.818000
1.485368,-2.435109,0.072881,0.055771,0.003043,-0.475581,154.918000
