1.638363
22.750389
23.721073
23.308958
14.097622
24.340494
23.876467
23.008333
13.872887
14.531852
14.209899
13.403661
13.925799
14.061918
13.809087
13.814206
13.986548
14.939576
15.381114
20.661537
23.970167
25.312881
17.359011
17.795017
17.245417
17.446634
18.375296
18.288128
19.358252
17.982071
18.928133
19.988508
20.476606
19.518847
29.745964
29.442974
30.374882
19.014116
24.973110
19.998735
20.323950
21.829971
20.015026
20.209078
19.993895
19.158716
21.203566
20.855539
20.695759
21.111576
20.228643
20.915489
20.780552
21.886143
19.656548
20.029606
21.944139
20.202414
20.561771
20.414549
19.618412
20.560776
20.941690
21.070538
20.127947
20.402971
21.590223
22.106705
21.416973
21.307215
22.712486
22.868362
22.539047
23.506544
21.745586
19.965612
21.855659
21.104788
20.713684
30.969355
20.485369
19.979336
19.149021
18.573168
18.325220
17.025448
16.495337
15.570582
14.576481
13.819225
13.299081
13.993861
13.185520
13.391850
13.394318
13.771940
13.927641
15.044936
15.593109
15.698986
16.264948
16.849829
17.223984
16.969030
27.649240
27.617359
28.510948
28.968315
16.822571
18.645788
18.932146
18.302761
18.475483
17.651648
20.367680
19.465698
19.739214
20.470842
18.734825
18.160446
17.693510
17.326199
16.489145
16.108419
15.759811
15.879893
22.959936
15.020594
14.880520
16.432051
13.885937
14.624318
21.436979
21.199808
13.353442
14.869179
13.675271
14.483017
13.920987
19.547510
18.677170
12.490855
17.062538
20.636379
13.876690
13.143161
13.982106
14.081609
13.516894
13.025577
13.901079
14.116498
13.975646
13.285385
13.260151
13.852569
13.326566
13.060814
13.252320
13.689483
13.315136
13.457221
12.203381
13.298367
12.579220
13.410034
13.590959
13.769342
13.153849
12.635133
12.721492
12.883685
12.232161
12.462051
12.608160
13.031269
13.038133
12.017679
11.663487
11.680298
12.941048
11.788093
12.553741
18.493532
13.261200
13.716499
14.330954
12.362391
11.989945
11.386224
12.006073
11.131630
12.283260
11.924588
11.457562
12.073497
11.931666
11.903330
11.959901
11.722928
11.039118
11.091253
12.399171
12.257524
10.999957
11.344157
17.677921
12.248095
18.545990
12.008869
12.746601
11.693454
18.640894
11.665123
13.149804
12.355043
12.138876
12.195945
13.009486
12.614327
12.771745
12.892431
12.617401
11.937239
12.663771
11.386736
11.096042
11.912595
11.406307
11.023759
11.362738
10.694688
10.572871
10.619335
11.025303
10.415757
10.178489
9.739809
10.197327
10.021410
10.179584
9.219074
9.818764
9.883819
9.839454
9.789427
10.787291
9.348578
9.599228
10.320537
10.204793
11.301485
12.099738
15.171000
13.596223
13.548453
13.335964
14.133410
15.557274
15.687036
14.343215
16.087599
16.128311
15.650398
16.400633
16.458612
15.820743
16.194698
15.424228
13.344811
13.841487
21.292597
21.730715
21.291616
21.476681
13.815522
14.468636
15.036781
16.461531
16.024237
16.547398
18.647978
24.259996
28.428448
20.608603
20.974894
21.397835
20.657633
20.704605
33.029736
22.326014
31.412439
22.081738
22.244339
33.272778
20.920349
21.181274
22.097685
22.109650
21.899229
21.602463
22.716103
22.937658
24.214636
21.123953
21.794388
21.807112
19.793200
21.457317
21.596205
20.787067
20.987698
20.017239
20.781391
21.778246
21.370531
21.490452
23.668459
21.456543
20.846003
23.650492
34.313377
37.498318
39.756599
41.053741
40.728268
41.228466
31.956171
27.617159
28.748055
26.811419
26.855717
25.813004
25.851175
27.391903
25.781324
26.467285
28.149055
25.639511
25.650997
26.442062
24.756683
25.009394
25.731480
26.431330
23.932888
24.594439
22.038155
22.378036
20.715084
28.793238
19.224155
19.549398
27.867041
27.019234
18.088989
27.214302
17.051991
16.711584
16.495214
17.230999
18.616346
15.892980
25.273596
16.069775
15.911451
16.137638
16.284510
13.928903
12.941148
13.812363
11.029191
11.135434
10.341403
11.444572
11.284769
10.571871
10.196578
10.285033
9.916281
10.703489
9.785033
10.956124
10.197017
9.576212
9.589432
9.088000
9.630691
14.825086
8.746986
9.358052
9.090743
9.889327
9.651942
10.972161
13.840662
13.295754
12.791665
14.451105
23.497177
14.204663
14.358595
15.949134
14.773607
23.164028
23.085995
13.879293
13.782653
13.502161
14.013606
13.240743
11.449958
11.174821
9.784863
9.897510
9.265406
8.847939
8.817854
8.601087
9.053704
8.492109
9.079965
8.634565
8.687391
8.083378
8.102445
7.583532
7.786549
7.982218
7.973710
8.371128
8.425889
8.101936
8.236907
8.851146
10.555083
8.422216
13.645736
13.327754
13.752391
14.025664
14.135438
14.545557
15.214073
16.077099
16.514151
18.258789
13.658209
11.826302
12.104112
13.318944
13.069722
13.873772
13.568573
13.716816
13.355602
13.103055
12.838749
13.363638
13.235379
12.050932
18.164186
10.244585
10.012416
8.932737
8.884317
8.257795
8.629226
12.992577
8.930180
13.446038
8.798463
8.001151
7.961257
7.974331
8.015024
7.668735
7.971090
7.469359
7.845153
7.403360
7.682084
9.287354
8.194089
7.279597
7.848573
7.874894
9.358086
9.346967
10.135798
10.656203
13.192846
12.939037
20.545307
20.910511
13.403491
11.836626
12.374459
17.211445
15.735017
9.962899
9.105837
9.557316
9.677650
10.015268
9.451296
9.503780
10.356175
9.138742
9.387886
14.386899
9.315611
8.704530
8.335892
13.290558
8.194861
7.909578
8.926439
8.778177
8.175288
8.440435
8.141924
9.724832
8.676148
8.837566
9.133607
8.451288
9.345663
9.406481
11.469452
10.830509
10.728662
11.587404
21.128227
14.756119
15.628667
16.343193
16.186100
17.250071
16.490355
17.046797
18.102640
17.755152
18.946791
18.804337
20.514820
19.885805
24.306971
24.893089
26.153393
27.799501
27.463690
26.377663
28.267569
26.927837
24.762163
23.531466
23.949797
23.771744
22.096762
22.721285
22.506964
23.302929
23.296782
22.081869
22.130211
22.483309
21.589912
22.497507
23.346388
22.607737
21.596432
26.858370
20.370041
19.235760
21.050188
19.842869
21.200216
19.107302
20.560135
20.174126
19.280308
18.659437
17.081865
18.560297
18.083426
17.991953
17.180555
17.661362
18.185978
17.174669
18.587111
17.163300
25.475355
17.470539
16.638741
17.667044
17.416739
16.190369
16.715321
16.868881
17.590887
15.927557
16.869440
16.549944
17.350798
17.081848
15.971842
16.796379
17.248726
16.507154
16.103796
16.278038
