1.866759
2.155963
47.472607
2.337760
44.923943
2.188893
1.775566
1.751933
50.595070
2.278274
51.832336
3.550171
53.113770
54.507713
4.191571
49.681450
52.083931
50.735558
2.564904
54.836845
2.883189
3.123662
46.438248
3.045521
2.795001
7.868644
4.670375
2.820697
3.248518
52.762711
2.601336
62.479816
65.052818
67.986862
62.032551
4.222605
66.085426
67.069817
64.672821
3.749624
66.297096
65.362564
72.123688
69.012291
3.058025
69.595528
76.707802
67.733696
72.349770
74.024048
6.459109
3.294664
71.977264
3.297732
74.980003
3.446732
75.945312
3.367016
71.324120
68.583931
3.007337
62.669785
2.870350
2.590860
58.789249
54.008614
2.955052
2.397145
2.019233
47.263130
45.999546
42.655281
42.299931
2.779464
43.279999
2.768423
3.158673
2.798833
50.828880
2.272829
3.691246
2.441453
2.422141
2.376155
58.542007
60.712551
4.295710
3.289337
61.599716
3.567427
3.083088
3.228369
58.840126
3.375902
50.070915
2.715163
3.396375
2.658694
3.014540
45.896118
51.108765
2.211849
51.445633
47.318439
46.598160
3.044565
3.448492
46.666534
2.898225
48.917782
46.487877
2.916566
3.744820
3.313275
41.018589
48.250389
42.163631
3.308332
41.674282
1.615770
43.009274
44.864834
2.348155
43.708183
3.709916
46.974018
43.425163
2.309175
45.116814
2.898617
6.200938
44.430511
45.063625
46.189224
45.289642
46.337456
43.698696
44.301220
43.596512
45.278511
3.016074
2.694388
5.112524
44.161583
44.903816
44.261112
45.684883
43.852531
2.795845
2.869351
3.201198
42.922459
46.295258
42.119961
3.471119
45.376743
46.058128
2.021031
2.220610
43.810036
3.584806
2.227190
2.387175
42.311775
3.235532
42.216019
2.584830
4.994018
41.589764
46.396000
45.682304
46.141872
2.488465
2.876476
2.504702
2.483042
2.658966
46.309971
2.076179
3.221970
4.160064
2.060737
45.729122
44.800274
3.695432
2.458981
1.969372
2.654173
42.506184
1.954060
44.215481
43.151772
3.055625
43.475857
42.896088
2.321670
43.007450
2.531403
3.234035
43.477474
3.978381
4.060985
2.193850
2.959171
2.946639
2.746316
44.579784
43.050648
42.919003
45.999565
44.619724
42.969513
2.905049
41.677414
2.171697
2.689581
3.071244
2.402360
2.590840
44.059738
47.276180
2.959759
41.234997
44.216896
3.937460
2.196231
43.438732
43.640316
42.304867
3.070549
2.793413
2.616893
3.115464
41.685986
2.799174
2.248774
2.389314
43.893436
3.024219
47.589809
4.221252
44.456638
42.615650
2.411594
2.617646
42.471367
44.343143
42.386578
41.424553
4.180860
43.729816
2.045688
2.762084
43.096706
2.801198
44.541176
43.750591
41.941051
3.480576
2.777055
3.399860
2.585906
44.056835
2.996327
44.327747
42.582088
42.616570
44.246887
1.943547
2.597665
47.253330
2.259891
48.090736
3.075373
39.544510
45.563622
2.729170
41.837025
42.538528
41.183964
3.080245
40.100899
2.710779
42.926548
46.331539
45.018024
45.578358
45.176559
2.386472
2.737009
44.567364
42.583881
44.708054
46.808414
3.963772
2.853347
3.419648
42.186283
44.026039
44.302372
2.167914
4.008645
2.454482
43.666000
47.149784
44.353786
43.362751
40.269390
46.135487
42.198956
2.767653
2.940746
2.617816
2.038365
3.414326
44.066730
45.896404
43.691280
5.277798
3.965854
3.139496
49.123737
2.650069
46.608860
41.178429
2.364457
2.587324
2.803383
2.011641
40.539055
43.311787
41.926228
2.810943
3.958000
42.126957
43.049595
46.904568
3.130789
43.878056
4.344351
44.740528
4.198275
3.737130
41.052578
2.907605
42.892666
2.769095
2.686967
3.762667
46.465477
43.973827
45.426739
4.367155
3.340019
2.544917
41.246742
47.407974
2.753270
42.345654
39.951584
43.022587
45.688526
2.790434
45.533649
42.737263
3.048009
45.185936
2.930593
2.207805
38.714794
2.642907
37.865181
38.768593
42.548431
40.609051
40.497906
3.365886
36.585819
3.450830
5.267913
37.905544
39.923622
2.275599
2.197748
4.027846
41.709633
4.698260
45.285637
4.617775
4.441632
4.804188
61.482018
59.749256
58.091209
54.207226
52.603615
4.241799
3.506001
3.989780
6.596143
67.346191
7.279420
69.772240
5.473199
67.274269
4.633580
76.370857
70.995880
5.235968
67.175125
69.411072
72.532295
75.661613
77.260788
5.867409
76.575066
87.867874
4.772605
4.845013
78.807503
90.984833
5.501169
5.235051
7.189946
86.069443
4.641628
83.869156
12.371450
4.930735
79.622330
5.277139
83.517281
83.948631
4.204592
83.172920
82.870476
4.048890
9.109867
81.705902
84.710831
78.769493
79.012833
79.602837
83.979958
6.765593
80.833435
6.941714
82.090630
5.095703
5.752773
91.170502
90.694328
5.623218
88.990608
7.474721
6.248036
5.890988
68.012398
71.761284
69.056442
68.217117
67.174828
75.573288
4.598335
5.600710
5.411837
65.837357
5.382434
6.909017
60.902161
57.616447
55.715801
52.225979
46.178181
41.851093
4.170150
40.946899
42.112110
39.652634
4.101352
37.603901
3.420669
3.864925
5.260732
36.012280
38.503139
4.115426
42.854691
5.319796
54.762226
61.045216
70.816254
5.525116
62.255737
66.940193
5.681185
52.826675
5.094610
5.784107
5.685900
5.198371
37.870861
35.934010
33.685417
4.164159
34.708054
33.941795
33.708538
4.521755
34.362011
34.351921
3.635496
3.788593
5.958485
35.722298
3.722263
39.607510
35.910954
35.671822
4.618001
43.811722
44.531372
47.840469
4.585357
50.760849
57.607914
53.170345
52.494450
6.497477
60.699802
57.985924
56.022629
5.046577
44.051208
40.026443
37.945076
4.620083
8.838246
35.959583
4.268770
35.998676
6.322132
5.892976
9.689129
6.171411
39.707214
39.311958
39.258595
37.638443
42.449471
47.893517
49.889275
54.409176
55.632030
59.116451
63.915363
15.571593
63.897217
67.629929
6.827512
66.493340
61.635532
53.773499
6.690780
5.729074
49.645653
48.209583
6.818724
48.713306
5.533503
43.357430
44.765179
46.874153
6.139208
47.377785
6.366078
46.540028
43.736626
5.253511
11.762110
43.781883
5.025601
44.390408
53.732868
6.766086
49.121342
52.833038
59.638275
57.593353
65.353813
65.199974
6.687255
77.498390
82.788628
8.080751
5.972364
9.722321
96.104996
98.352379
7.484817
118.878593
7.357118
93.349953
9.134733
83.525894
5.726935
77.466873
79.154236
7.176344
76.558182
75.108551
82.592216
86.922264
6.301394
74.151230
6.215269
6.527454
6.047419
75.684769
9.553452
73.329216
73.386436
72.330147
79.557648
6.703123
74.107719
5.233371
74.275635
75.807388
75.881447
8.032232
7.348462
6.007466
6.542982
4.910038
5.417689
77.115822
7.493898
6.306922
77.146561
77.159660
5.603553
74.200142
6.560999
72.334900
73.421715
7.555817
7.121958
4.875487
76.392578
15.283028
5.387625
69.937691
74.140106
5.138889
76.809227
7.399830
5.005802
76.253700
72.638596
73.205276
5.560425
73.989639
8.581000
73.644440
5.780303
7.537334
5.938794
72.918404
77.078819
6.651651
75.980171
74.490273
6.205043
6.286761
74.864380
5.888368
7.657719
78.710350
6.503076
10.729138
7.455649
77.060555
5.102255
5.362480
4.454072
6.791323
6.774396
5.225523
6.526467
5.243668
4.457134
74.683037
7.306128
5.224395
5.900748
75.501694
6.013235
8.482229
7.685670
7.120185
74.982513
73.778236
7.563951
72.332237
76.037590
5.993188
6.304200
77.056686
5.635796
6.217821
7.126407
78.470924
5.130105
76.927818
5.596306
5.115973
71.932175
76.063255
71.823402
6.479115
74.476967
78.250671
6.764440
