0.039306,0.001565,0.087691,0.000011,0.000032,0.003334,82.615000
0.036201,0.004417,0.077482,0.003184,0.009270,0.003178,82.719000
0.014389,0.012135,0.079480,0.011529,0.014955,0.002892,82.819000
0.025136,0.008843,0.086903,0.002815,0.013688,0.002749,82.917000
0.015262,-0.004740,0.086726,-0.017552,0.011491,0.003243,83.018000
-0.003044,0.009053,0.086059,-0.003999,0.021430,0.003713,83.114000
0.011197,0.000054,0.101623,-0.013470,0.017227,0.004650,83.218000
0.007184,0.010934,0.109301,0.005603,0.020518,0.003181,83.319000
0.005703,0.009610,0.110351,-0.002110,0.021361,0.003240,83.415000
-0.001393,0.003453,0.110285,-0.008004,0.022059,0.002880,83.521000
0.004325,0.010284,0.106341,-0.002373,0.024500,0.004246,83.616000
-0.019473,0.012037,0.101403,0.006463,0.033451,0.003272,83.717000
0.004243,0.003343,0.108182,-0.004326,0.021631,0.002378,83.816000
-0.004657,0.007345,0.117822,-0.002598,0.024919,0.003319,83.916000
0.003048,0.007371,0.115972,-0.007451,0.017814,0.004531,84.016000
-0.000364,0.011443,0.103344,-0.008209,0.024857,0.005554,84.117000
0.075749,0.001130,0.118974,-0.014037,0.023656,0.001731,84.221000
0.139681,0.007505,0.124538,-0.005390,0.022839,0.002468,84.315000
0.213285,0.008734,0.112391,-0.004023,0.018310,0.000629,84.417000
0.286556,-0.001467,0.104807,-0.008494,0.018180,-0.000328,84.515000
0.352204,-0.001902,0.113497,-0.000803,0.020440,-0.001798,84.615000
0.433081,0.010559,0.119220,-0.009806,0.012857,0.030162,84.715000
0.472117,0.054866,0.108364,0.000760,0.027032,0.105535,84.819000
0.547542,0.072784,0.116629,-0.001990,0.011852,0.182626,84.915000
0.589462,0.088038,0.126206,-0.004648,0.023791,0.274992,85.017000
0.674914,0.141146,0.118764,0.006221,0.005028,0.363878,85.121000
0.760972,0.135445,0.118145,-0.000743,0.013847,0.413409,85.215000
0.839635,0.191233,0.109614,0.012725,0.002577,0.456355,85.320000
0.923838,0.191096,0.121433,-0.000367,0.000044,0.472619,85.414000
0.993167,0.238349,0.103335,0.022548,-0.003689,0.486364,85.515000
1.088429,0.258416,0.101089,0.000909,-0.006461,0.495293,85.619000
1.134143,0.329323,0.107378,0.008059,-0.000925,0.507700,85.716000
1.210760,0.350134,0.107810,0.009364,-0.009010,0.506825,85.818000
1.264772,0.384818,0.112670,0.017418,-0.011971,0.508024,85.915000
1.308978,0.417791,0.125684,0.014192,-0.006636,0.508947,86.017000
1.404442,0.454116,0.133550,0.004967,-0.005285,0.510556,86.119000
1.472130,0.489703,0.155026,-0.005222,-0.013602,0.511750,86.217000
1.513322,0.536333,0.110845,0.025472,-0.011888,0.509422,86.320000
1.553439,0.546552,0.112861,0.020383,-0.004507,0.507397,86.416000
1.637253,0.598294,0.135951,0.020360,-0.010388,0.508226,86.519000
1.703160,0.621140,0.152305,0.011469,-0.011765,0.507192,86.620000
1.782124,0.670724,0.145400,0.003186,-0.015306,0.511304,86.717000
1.826419,0.710410,0.148810,-0.004598,-0.012514,0.539239,86.818000
1.874318,0.768622,0.157435,-0.010971,-0.022854,0.601142,86.918000
1.898031,0.847226,0.174629,-0.021312,-0.030343,0.682581,87.018000
1.961810,0.870737,0.184421,-0.016210,-0.031546,0.766986,87.118000
1.981341,0.928511,0.151099,-0.009193,-0.016944,0.865160,87.220000
2.012876,1.006378,0.124734,-0.002294,-0.009600,0.956393,87.318000
2.048411,1.064801,0.136269,0.014896,-0.014218,1.008622,87.419000
2.091921,1.106885,0.146060,0.025019,-0.014042,1.042251,87.519000
2.148039,1.170389,0.158937,0.008138,-0.024858,1.064337,87.618000
2.165902,1.235673,0.149749,0.007134,-0.018034,1.104856,87.720000
2.180374,1.310713,0.141181,0.017097,-0.014534,1.165906,87.816000
2.199986,1.375934,0.160412,0.015138,-0.007909,1.218580,87.915000
2.224435,1.458252,0.169689,0.008596,-0.034075,1.253351,88.016000
2.265399,1.513828,0.174619,0.010985,-0.026655,1.272338,88.119000
2.280874,1.589413,0.161782,0.001560,-0.024827,1.309345,88.218000
2.276580,1.658747,0.162651,0.007797,-0.016500,1.360655,88.317000
2.301248,1.755744,0.162441,0.013729,-0.029983,1.398906,88.416000
2.302335,1.828008,0.163879,0.020124,-0.032174,1.420320,88.520000
2.330680,1.876377,0.186603,0.003710,-0.030124,1.431614,88.619000
2.343301,1.955252,0.164343,0.002981,-0.021939,1.441419,88.720000
2.352874,2.034590,0.196316,0.003972,-0.039814,1.445886,88.819000
2.363055,2.092091,0.206626,0.004317,-0.042013,1.445844,88.919000
2.368936,2.180164,0.201810,0.003907,-0.042616,1.449152,89.017000
2.389303,2.254359,0.200017,-0.009275,-0.047403,1.451853,89.119000
2.394029,2.310130,0.201700,-0.011564,-0.040007,1.450150,89.217000
2.384593,2.407396,0.206949,-0.003038,-0.041617,1.455110,89.318000
2.388258,2.484168,0.200253,0.008101,-0.048738,1.454306,89.416000
2.410214,2.539161,0.217869,-0.008749,-0.046078,1.452045,89.520000
2.417852,2.624381,0.231414,-0.007557,-0.035499,1.456801,89.620000
2.433883,2.699717,0.206034,-0.021072,-0.043344,1.493431,89.721000
2.427238,2.757935,0.214308,-0.018094,-0.047630,1.553526,89.819000
2.394811,2.852137,0.248771,0.014518,-0.069317,1.638559,89.917000
2.390476,2.897704,0.261489,-0.016645,-0.038968,1.727890,90.020000
2.348281,2.955458,0.234754,-0.003654,-0.035230,1.833415,90.119000
2.324200,3.044737,0.242822,-0.008856,-0.027580,1.955750,90.221000
2.229497,3.108992,0.218953,-0.006638,-0.043254,2.046020,90.317000
2.238837,3.154497,0.229965,-0.011702,-0.036151,2.093328,90.416000
2.218202,3.209641,0.227764,-0.003056,-0.045173,2.113025,90.519000
2.190080,3.293780,0.247952,-0.015166,-0.053322,2.125666,90.623000
2.116997,3.353077,0.253149,-0.008087,-0.044112,2.175692,90.719000
2.080000,3.397926,0.219140,-0.026295,-0.046573,2.250294,90.823000
2.021823,3.448117,0.258683,-0.031975,-0.065176,2.331820,90.918000
1.925290,3.486937,0.287992,-0.032661,-0.068556,2.436416,91.017000
1.827724,3.517441,0.294395,-0.022579,-0.081486,2.529223,91.117000
1.822908,3.559857,0.275963,-0.055269,-0.049289,2.621247,91.219000
1.737355,3.599129,0.286901,-0.030181,-0.077005,2.671209,91.316000
1.695194,3.636425,0.296849,-0.033251,-0.074396,2.703063,91.417000
1.645968,3.677193,0.286489,-0.040645,-0.053591,2.713720,91.516000
1.585336,3.719954,0.296695,-0.055017,-0.059254,2.727096,91.625000
1.494702,3.755807,0.307294,-0.033492,-0.091953,2.736896,91.718000
1.456450,3.778759,0.299623,-0.013584,-0.074479,2.738896,91.817000
1.383189,3.810830,0.325145,-0.045658,-0.070103,2.739956,91.919000
1.290848,3.785885,0.327466,-0.035443,-0.080010,2.779955,92.021000
1.235088,3.808010,0.337541,-0.052031,-0.063464,2.856429,92.121000
1.182042,3.803684,0.318258,-0.066551,-0.056989,2.942236,92.216000
1.073737,3.837065,0.305512,-0.086228,-0.055993,3.014933,92.320000
1.023275,3.837931,0.309442,-0.089329,-0.039374,3.040099,92.417000
0.935507,3.833685,0.348899,-0.044990,-0.066019,3.076630,92.518000
0.888768,3.856228,0.371470,-0.065704,-0.045263,3.082936,92.621000
0.816019,3.854425,0.366478,-0.061222,-0.046962,3.093786,92.719000
0.741010,3.866103,0.360029,-0.070294,-0.054841,3.093065,92.820000
0.679129,3.859669,0.378579,-0.063156,-0.055415,3.098895,92.916000
0.608245,3.861093,0.389962,-0.058832,-0.054650,3.096536,93.019000
0.539908,3.860568,0.388277,-0.064570,-0.045153,3.100242,93.119000
0.455363,3.889613,0.382978,-0.088972,-0.066234,3.098236,93.220000
0.404700,3.868365,0.389778,-0.076264,-0.066728,3.102808,93.317000
0.325225,3.875984,0.408361,-0.068454,-0.062076,3.100386,93.418000
0.249094,3.865964,0.414017,-0.060066,-0.063619,3.100819,93.521000
0.150081,3.876682,0.417990,-0.060957,-0.063714,3.101405,93.617000
0.078435,3.876397,0.429922,-0.054474,-0.072963,3.102263,93.720000
-0.001803,3.882498,0.421578,-0.061331,-0.080289,3.103376,93.819000
-0.080368,3.886016,0.446599,-0.069854,-0.085003,3.102967,93.919000
-0.136153,3.886319,0.442700,-0.064283,-0.072770,3.101061,94.019000
-0.206969,3.890116,0.445273,-0.072838,-0.068055,3.100411,94.120000
-0.280531,3.890930,0.448686,-0.070392,-0.077396,3.103876,94.223000
-0.360821,3.903271,0.457403,-0.076584,-0.082395,3.105918,94.321000
-0.437189,3.895952,0.447074,-0.062686,-0.066905,3.106004,94.420000
-0.504486,3.901076,0.463668,-0.053745,-0.065108,3.103285,94.517000
-0.538559,3.898103,0.468205,-0.061099,-0.060214,3.112858,94.620000
-0.584376,3.903584,0.477807,-0.059117,-0.079239,3.109730,94.716000
-0.597045,3.890394,0.491027,-0.041346,-0.087873,3.111939,94.819000
-0.592637,3.893462,0.464234,-0.044740,-0.075347,3.111472,94.920000
-0.579235,3.900902,0.461121,-0.059939,-0.072425,3.111213,95.022000
-0.596729,3.901594,0.480980,-0.055248,-0.071281,3.112014,95.119000
-0.579137,3.900974,0.476982,-0.052244,-0.065971,3.112495,95.222000
-0.615949,3.908251,0.487740,-0.059475,-0.082272,3.113394,95.318000
-0.604895,3.907971,0.489895,-0.061859,-0.080897,3.112343,95.419000
-0.629645,3.913945,0.493955,-0.075597,-0.094076,3.114247,95.519000
-0.612287,3.906801,0.469632,-0.059742,-0.081219,3.112978,95.618000
-0.614465,3.903268,0.461976,-0.060945,-0.084035,3.111150,95.719000
-0.614378,3.893324,0.484982,-0.034205,-0.073980,3.112262,95.821000
-0.608521,3.905953,0.467121,-0.069362,-0.074915,3.108693,95.917000
-0.602612,3.900280,0.466089,-0.055957,-0.074560,3.110305,96.019000
-0.610700,3.909778,0.477197,-0.073518,-0.085359,3.109785,96.120000
-0.616052,3.912017,0.486974,-0.074283,-0.084666,3.109368,96.217000
-0.588565,3.891520,0.480166,-0.043774,-0.070649,3.110517,96.320000
-0.602985,3.899777,0.485430,-0.059548,-0.073679,3.110085,96.420000
-0.605427,3.905396,0.472057,-0.055815,-0.068917,3.111123,96.516000
-0.616638,3.904137,0.466252,-0.050993,-0.075150,3.112063,96.617000
-0.616824,3.898581,0.483320,-0.043104,-0.075196,3.111216,96.719000
-0.602764,3.898324,0.489368,-0.047619,-0.068524,3.112019,96.818000
-0.628660,3.901904,0.503261,-0.057522,-0.087126,3.112828,96.917000
-0.606253,3.890863,0.516070,-0.037439,-0.078663,3.113186,97.017000
-0.622257,3.908081,0.486857,-0.060322,-0.076618,3.112210,97.119000
-0.622531,3.907157,0.479946,-0.065253,-0.086266,3.112436,97.216000
-0.656849,3.909895,0.499496,-0.072767,-0.104206,3.113702,97.317000
-0.643091,3.902920,0.490161,-0.059201,-0.104407,3.113863,97.419000
-0.624219,3.909655,0.480254,-0.071178,-0.089486,3.111883,97.519000
-0.615175,3.891863,0.483231,-0.042891,-0.083961,3.112375,97.617000
-0.612554,3.898356,0.480121,-0.047810,-0.076047,3.112271,97.719000
-0.605518,3.905455,0.470394,-0.061552,-0.084434,3.111497,97.820000
-0.623376,3.909560,0.478307,-0.063654,-0.082776,3.112918,97.919000
-0.623791,3.905355,0.482155,-0.056423,-0.083479,3.112838,98.021000
-0.616354,3.904717,0.491766,-0.060127,-0.075786,3.111508,98.121000
-0.604023,3.908450,0.469152,-0.069573,-0.071893,3.110226,98.221000
-0.613166,3.896147,0.482487,-0.037925,-0.071986,3.112882,98.321000
-0.615198,3.893881,0.503911,-0.041706,-0.072905,3.111995,98.419000
-0.628772,3.903695,0.489847,-0.063837,-0.091043,3.111502,98.518000
-0.609553,3.907742,0.487084,-0.062507,-0.083051,3.110515,98.617000
-0.645422,3.911152,0.487490,-0.074791,-0.094213,3.112846,98.721000
-0.634563,3.903310,0.477012,-0.060117,-0.083325,3.113095,98.821000
-0.630952,3.905335,0.475041,-0.061148,-0.083329,3.109825,98.920000
-0.605629,3.902352,0.471686,-0.051917,-0.070217,3.109574,99.017000
-0.641882,3.905180,0.485684,-0.058777,-0.087918,3.111686,99.120000
-0.636982,3.905281,0.486455,-0.058531,-0.089997,3.111991,99.216000
-0.620777,3.902359,0.485962,-0.048281,-0.077886,3.112637,99.316000
-0.619732,3.905082,0.472815,-0.051992,-0.078031,3.112205,99.416000
-0.629529,3.904914,0.495273,-0.051509,-0.085697,3.110685,99.519000
-0.618722,3.890867,0.494024,-0.029700,-0.073980,3.113443,99.620000
-0.624929,3.897386,0.508652,-0.038410,-0.075053,3.112896,99.720000
-0.629764,3.894639,0.517499,-0.038202,-0.083552,3.113325,99.817000
-0.617651,3.899330,0.490560,-0.049069,-0.081817,3.113820,99.916000
-0.620108,3.908992,0.491506,-0.058799,-0.068749,3.110275,100.021000
-0.631982,3.904321,0.497627,-0.062254,-0.088329,3.114433,100.121000
-0.633638,3.903177,0.510708,-0.051108,-0.084812,3.112445,100.221000
-0.625216,3.905404,0.516680,-0.066208,-0.092473,3.113593,100.321000
-0.618165,3.898792,0.506238,-0.040378,-0.074046,3.112432,100.418000
-0.626259,3.906221,0.495959,-0.063564,-0.081289,3.115523,100.518000
-0.633962,3.915660,0.486529,-0.071389,-0.077856,3.112380,100.617000
-0.614060,3.897474,0.497999,-0.050157,-0.080347,3.112289,100.719000
-0.630935,3.905528,0.486352,-0.066185,-0.094986,3.112602,100.816000
-0.646647,3.901577,0.487922,-0.061357,-0.096795,3.113409,100.917000
-0.655821,3.903744,0.506429,-0.068050,-0.101920,3.113215,101.017000
-0.656167,3.904287,0.520421,-0.057706,-0.106679,3.114706,101.120000
-0.650710,3.902789,0.504263,-0.055183,-0.101035,3.113896,101.220000
-0.635976,3.909243,0.474314,-0.073703,-0.089140,3.113641,101.323000
-0.627965,3.914194,0.485404,-0.072207,-0.087677,3.111897,101.417000
-0.622404,3.912533,0.481994,-0.075516,-0.089619,3.112194,101.519000
-0.625141,3.907451,0.502105,-0.067258,-0.089366,3.112795,101.617000
-0.628224,3.897780,0.482731,-0.039613,-0.085393,3.113783,101.717000
-0.631342,3.900141,0.489158,-0.047235,-0.090736,3.113470,101.817000
-0.626121,3.894150,0.502963,-0.047593,-0.091594,3.113627,101.916000
-0.609797,3.905416,0.506831,-0.048828,-0.073823,3.109825,102.019000
-0.639611,3.901460,0.481058,-0.062259,-0.092106,3.115045,102.120000
-0.645253,3.906238,0.481736,-0.060446,-0.100254,3.111923,102.217000
-0.625414,3.904333,0.491443,-0.058969,-0.088379,3.113341,102.321000
-0.621474,3.901136,0.491828,-0.053463,-0.083015,3.112196,102.419000
-0.621903,3.896975,0.502015,-0.042551,-0.079998,3.113131,102.516000
-0.633900,3.906032,0.482032,-0.059850,-0.084698,3.111871,102.619000
-0.625870,3.911588,0.478725,-0.069312,-0.079784,3.112640,102.716000
-0.622931,3.903897,0.492105,-0.053721,-0.077844,3.111544,102.818000
-0.630300,3.891396,0.496733,-0.029930,-0.086995,3.114100,102.917000
-0.634663,3.896331,0.484825,-0.039576,-0.087053,3.113523,103.018000
-0.626710,3.901838,0.485462,-0.039216,-0.083504,3.113826,103.118000
-0.622111,3.905483,0.477127,-0.059907,-0.082015,3.113348,103.217000
-0.633141,3.905607,0.482098,-0.060728,-0.095532,3.113482,103.320000
-0.634459,3.908742,0.495866,-0.070154,-0.091253,3.112665,103.419000
-0.616521,3.897120,0.497584,-0.049663,-0.083601,3.112534,103.520000
-0.626942,3.906800,0.497930,-0.073045,-0.092004,3.112417,103.617000
-0.630096,3.895943,0.521351,-0.046704,-0.084670,3.112636,103.716000
-0.644082,3.904877,0.508127,-0.063370,-0.096404,3.112540,103.819000
-0.637340,3.896743,0.495692,-0.043829,-0.086933,3.112609,103.918000
-0.637236,3.887390,0.490111,-0.036001,-0.085768,3.112684,104.017000
-0.650087,3.904213,0.482718,-0.059562,-0.092685,3.111741,104.118000
-0.675946,3.913062,0.482073,-0.067021,-0.111592,3.112874,104.217000
-0.640951,3.910024,0.465011,-0.065826,-0.095003,3.112700,104.318000
-0.622583,3.910662,0.471673,-0.064090,-0.077315,3.112230,104.420000
-0.621951,3.905625,0.490533,-0.061741,-0.082282,3.109538,104.519000
-0.631798,3.901478,0.472238,-0.072109,-0.095199,3.113096,104.618000
-0.620943,3.900100,0.487382,-0.057393,-0.089863,3.112201,104.721000
-0.622323,3.901765,0.484823,-0.056148,-0.084110,3.112174,104.821000
-0.625331,3.891270,0.479051,-0.031747,-0.084326,3.112382,104.919000
-0.639937,3.900689,0.487931,-0.053759,-0.090383,3.112425,105.017000
-0.635605,3.906610,0.491193,-0.063098,-0.095163,3.111236,105.117000
-0.627014,3.896245,0.500300,-0.039289,-0.084355,3.112925,105.218000
-0.619666,3.900798,0.510369,-0.055598,-0.089584,3.112871,105.319000
-0.639080,3.890894,0.503075,-0.034784,-0.094296,3.113964,105.418000
-0.649010,3.896452,0.498277,-0.043485,-0.099378,3.113552,105.517000
-0.624808,3.898108,0.485837,-0.041183,-0.087843,3.112153,105.619000
-0.634714,3.898375,0.523012,-0.036777,-0.086074,3.114470,105.721000
-0.647832,3.894995,0.514822,-0.032269,-0.090907,3.113112,105.822000
-0.631576,3.897311,0.501242,-0.047202,-0.089553,3.114245,105.918000
-0.632416,3.907017,0.495387,-0.063833,-0.093129,3.113551,106.017000
-0.622768,3.905199,0.499778,-0.056809,-0.088285,3.113804,106.122000
-0.631862,3.906204,0.494006,-0.058567,-0.089992,3.113217,106.222000
-0.618143,3.912363,0.486125,-0.066765,-0.081766,3.113161,106.321000
-0.630090,3.911316,0.498829,-0.066395,-0.086101,3.112771,106.421000
-0.625830,3.894762,0.506105,-0.046898,-0.086507,3.113532,106.521000
-0.618262,3.891002,0.498631,-0.042375,-0.083805,3.113966,106.621000
-0.626034,3.895778,0.505826,-0.037111,-0.077540,3.113570,106.720000
-0.637825,3.905960,0.496294,-0.059185,-0.095853,3.114196,106.822000
-0.621404,3.913736,0.499310,-0.073751,-0.083948,3.112344,106.918000
-0.627000,3.902699,0.514536,-0.059876,-0.087028,3.114955,107.019000
-0.630955,3.902023,0.503816,-0.053104,-0.092273,3.113191,107.121000
-0.639153,3.902544,0.503712,-0.050247,-0.096770,3.113945,107.220000
-0.628179,3.910843,0.490024,-0.068079,-0.079645,3.113869,107.320000
-0.627781,3.909919,0.494539,-0.063270,-0.081667,3.113104,107.416000
-0.628280,3.900828,0.515681,-0.054865,-0.089173,3.112947,107.518000
-0.623192,3.904456,0.484301,-0.062849,-0.090045,3.113752,107.620000
-0.613034,3.902065,0.503964,-0.054926,-0.084362,3.110586,107.719000
-0.634719,3.904709,0.490020,-0.065096,-0.095252,3.114368,107.820000
-0.622093,3.905397,0.493857,-0.064542,-0.091667,3.112806,107.916000
-0.614583,3.904916,0.505454,-0.070088,-0.083459,3.112309,108.018000
-0.645735,3.896727,0.494473,-0.056655,-0.092694,3.114313,108.117000
-0.636557,3.902888,0.491000,-0.056662,-0.092069,3.112751,108.219000
-0.660016,3.901865,0.530808,-0.060165,-0.107870,3.114471,108.321000
-0.656579,3.894443,0.539931,-0.046152,-0.104829,3.114199,108.416000
-0.625263,3.902564,0.495191,-0.054839,-0.094243,3.114350,108.518000
-0.638873,3.903364,0.501321,-0.062364,-0.099316,3.112384,108.620000
-0.632847,3.900552,0.501078,-0.060497,-0.101462,3.113108,108.721000
-0.644154,3.901414,0.500280,-0.049513,-0.096928,3.114809,108.818000
-0.674411,3.907511,0.508830,-0.062478,-0.113304,3.114993,108.916000
-0.649499,3.904122,0.493588,-0.058337,-0.104103,3.113854,109.018000
-0.648148,3.912596,0.490929,-0.073440,-0.106673,3.112429,109.119000
-0.645838,3.912055,0.484330,-0.075924,-0.106279,3.111238,109.217000
-0.628968,3.909028,0.487631,-0.068300,-0.094436,3.113721,109.316000
-0.632275,3.907265,0.492028,-0.066810,-0.095630,3.113046,109.417000
-0.637823,3.906326,0.490353,-0.060137,-0.099480,3.114334,109.516000
-0.626602,3.894672,0.512332,-0.046930,-0.094701,3.113928,109.619000
-0.632246,3.898443,0.489884,-0.051706,-0.091994,3.112458,109.718000
-0.632205,3.896503,0.488554,-0.050730,-0.092183,3.112601,109.818000
-0.635854,3.917751,0.470874,-0.076487,-0.085584,3.113152,109.918000
-0.639812,3.907266,0.490191,-0.058052,-0.089261,3.113649,110.021000
-0.626822,3.902784,0.502943,-0.057111,-0.084921,3.112143,110.116000
-0.636872,3.907301,0.488858,-0.069866,-0.099383,3.112115,110.219000
-0.626326,3.899859,0.522697,-0.048222,-0.086759,3.114398,110.317000
-0.632561,3.899181,0.510331,-0.049847,-0.091031,3.114086,110.422000
-0.644278,3.905569,0.490050,-0.061269,-0.092595,3.113345,110.520000
-0.622826,3.904527,0.492832,-0.062155,-0.090432,3.113398,110.621000
-0.627167,3.897282,0.503433,-0.052361,-0.090685,3.113281,110.717000
-0.632056,3.896429,0.502944,-0.046590,-0.091101,3.113645,110.820000
-0.634700,3.906043,0.476961,-0.068230,-0.095869,3.112592,110.919000
-0.629708,3.911668,0.468374,-0.070880,-0.090798,3.112677,111.016000
-0.623176,3.907650,0.500368,-0.063916,-0.079680,3.113428,111.117000
-0.624067,3.899768,0.500773,-0.051909,-0.086121,3.113011,111.220000
-0.629664,3.904827,0.498875,-0.058800,-0.087715,3.113770,111.320000
-0.644768,3.910437,0.480977,-0.060389,-0.088990,3.114328,111.416000
-0.653138,3.893349,0.507045,-0.036842,-0.096343,3.113881,111.519000
-0.663138,3.907665,0.503883,-0.059250,-0.104981,3.112494,111.616000
-0.626066,3.895875,0.492355,-0.048582,-0.088456,3.112857,111.723000
-0.631388,3.904538,0.499431,-0.059550,-0.091865,3.113131,111.821000
-0.616884,3.908159,0.493805,-0.059492,-0.080535,3.112032,111.920000
-0.622641,3.912114,0.463714,-0.073453,-0.083931,3.113427,112.017000
-0.635318,3.909166,0.472636,-0.068013,-0.100370,3.112324,112.119000
-0.641214,3.911993,0.476374,-0.072157,-0.094670,3.112072,112.220000
-0.620443,3.895236,0.475435,-0.044022,-0.077252,3.111273,112.321000
-0.624090,3.903369,0.467484,-0.055798,-0.079856,3.110959,112.417000
-0.640347,3.899031,0.483332,-0.047617,-0.089555,3.113301,112.517000
-0.637944,3.883166,0.508627,-0.020727,-0.080923,3.113599,112.620000
-0.633629,3.904659,0.499136,-0.056285,-0.083931,3.113973,112.719000
-0.641661,3.909418,0.486136,-0.063378,-0.085009,3.113513,112.817000
-0.623646,3.900461,0.496221,-0.060638,-0.089513,3.113389,112.919000
-0.631363,3.905716,0.489530,-0.066583,-0.092400,3.112236,113.017000
-0.638273,3.902195,0.491023,-0.059925,-0.095523,3.113270,113.117000
-0.627113,3.906520,0.495801,-0.062083,-0.086684,3.113229,113.217000
-0.629601,3.895934,0.518254,-0.035955,-0.078365,3.113919,113.316000
-0.639365,3.895074,0.497308,-0.043662,-0.093188,3.115116,113.417000
-0.630281,3.904838,0.503930,-0.051024,-0.081118,3.111704,113.520000
-0.627996,3.902258,0.494245,-0.054739,-0.091679,3.112882,113.618000
-0.618239,3.895781,0.520709,-0.044120,-0.086104,3.114012,113.716000
-0.628164,3.895702,0.513470,-0.040239,-0.086341,3.114504,113.818000
-0.631259,3.899489,0.501364,-0.053245,-0.088851,3.113140,113.918000
-0.623183,3.898494,0.504260,-0.059156,-0.085531,3.113112,114.017000
-0.652112,3.903189,0.499893,-0.059771,-0.097358,3.113365,114.117000
-0.640507,3.903225,0.474613,-0.070448,-0.094821,3.111204,114.216000
-0.633844,3.894444,0.505758,-0.041086,-0.089426,3.113337,114.322000
-0.663199,3.904073,0.500885,-0.046225,-0.089327,3.092850,114.419000
-0.718017,3.892733,0.518230,-0.042217,-0.077156,3.096572,114.516000
-0.782653,3.897205,0.499722,-0.046645,-0.072631,3.102419,114.618000
-0.903439,3.916970,0.524618,-0.059580,-0.094933,3.098118,114.717000
-0.952414,3.916815,0.543060,-0.063093,-0.096478,3.102046,114.817000
-0.982511,3.918564,0.515592,-0.052560,-0.084808,3.097986,114.918000
-1.062711,3.914805,0.509771,-0.044324,-0.070652,3.096995,115.019000
-1.157221,3.928710,0.537749,-0.055269,-0.085579,3.097278,115.118000
-1.212285,3.941621,0.554521,-0.049542,-0.083845,3.090792,115.219000
-1.326205,3.917071,0.581817,-0.041240,-0.092646,3.103365,115.321000
-1.385781,3.941502,0.578623,-0.056953,-0.095151,3.097090,115.418000
-1.436584,3.933441,0.594805,-0.049252,-0.077814,3.096271,115.519000
-1.505508,3.927999,0.600583,-0.031072,-0.076073,3.093402,115.621000
-1.572691,3.941858,0.589817,-0.049118,-0.088824,3.096169,115.717000
-1.665165,3.941496,0.602813,-0.044108,-0.096207,3.095630,115.820000
-1.744657,3.944558,0.595622,-0.049761,-0.094928,3.096165,115.919000
-1.812615,3.953216,0.615585,-0.065960,-0.105652,3.098959,116.017000
-1.901863,3.933693,0.580696,-0.035163,-0.094228,3.128501,116.119000
-1.939015,3.905908,0.598386,-0.058428,-0.068056,-3.080912,116.220000
-2.086776,3.926787,0.611492,-0.081126,-0.100090,-3.032964,116.316000
-2.151850,3.912664,0.661061,-0.086114,-0.101418,-3.003350,116.420000
-2.233740,3.899996,0.640895,-0.065905,-0.106638,-2.987714,116.518000
-2.303443,3.904355,0.676066,-0.090531,-0.105552,-2.977603,116.618000
-2.346800,3.899864,0.688133,-0.089305,-0.096274,-2.974863,116.716000
-2.448474,3.864696,0.668902,-0.102208,-0.095679,-2.963598,116.820000
-2.514871,3.870199,0.701975,-0.053911,-0.110724,-3.022856,116.920000
-2.574956,3.882390,0.708421,-0.047390,-0.090400,-3.089473,117.019000
-2.641700,3.868420,0.668710,-0.065108,-0.091600,-3.125137,117.116000
-2.706620,3.867704,0.700925,-0.056081,-0.094506,3.126800,117.217000
-2.776319,3.869608,0.691014,-0.070160,-0.091850,3.113620,117.318000
-2.878810,3.890243,0.757539,-0.048808,-0.102710,3.095675,117.420000
-2.912068,3.867735,0.712039,-0.063753,-0.099483,3.099498,117.519000
-3.017059,3.892056,0.723181,-0.055939,-0.104861,3.087994,117.618000
-3.048694,3.850398,0.726324,-0.058987,-0.100788,3.099902,117.717000
-3.158471,3.891693,0.729985,-0.050823,-0.101419,3.089205,117.817000
-3.210171,3.887610,0.731453,-0.060611,-0.100252,3.090801,117.918000
-3.270142,3.876708,0.731822,-0.058609,-0.103241,3.094395,118.019000
-3.346933,3.894711,0.756875,-0.057552,-0.104931,3.088932,118.119000
-3.425498,3.885455,0.767253,-0.061252,-0.114721,3.092775,118.217000
-3.500455,3.895023,0.778460,-0.062797,-0.113331,3.091820,118.317000
-3.569825,3.892038,0.791818,-0.053463,-0.112300,3.092294,118.420000
-3.639135,3.909812,0.776218,-0.066863,-0.107494,3.089164,118.521000
-3.718176,3.913353,0.774886,-0.068418,-0.113360,3.088865,118.616000
-3.787961,3.911560,0.812231,-0.077701,-0.116690,3.094092,118.717000
-3.866483,3.909284,0.796316,-0.055450,-0.119452,3.091663,118.817000
-3.920022,3.916015,0.823517,-0.057011,-0.105957,3.089140,118.917000
-3.985960,3.922165,0.861130,-0.052417,-0.108480,3.089063,119.016000
-4.070751,3.933502,0.824309,-0.081763,-0.110126,3.091177,119.117000
-4.171527,3.952556,0.819681,-0.104089,-0.115420,3.091212,119.219000
-4.238633,3.955870,0.831053,-0.094853,-0.110907,3.088228,119.321000
-4.300514,3.960704,0.845638,-0.098063,-0.108099,3.088560,119.418000
-4.373792,3.958636,0.866500,-0.089828,-0.108576,3.087006,119.519000
-4.431222,3.958651,0.868533,-0.090771,-0.101284,3.088242,119.617000
-4.508759,3.974163,0.893274,-0.092996,-0.095447,3.084140,119.717000
-4.561316,3.965443,0.930930,-0.090521,-0.095523,3.085434,119.818000
-4.666063,3.978151,0.919630,-0.090621,-0.097622,3.084950,119.917000
-4.732775,3.972162,0.918588,-0.091122,-0.087705,3.083512,120.021000
-4.839041,3.985877,0.949697,-0.087707,-0.088618,3.080420,120.117000
-4.904730,3.987240,0.935037,-0.104955,-0.084573,3.082434,120.216000
-5.007142,3.999924,0.943083,-0.101306,-0.080790,3.078909,120.317000
-5.162746,4.008819,0.961051,-0.109984,-0.093245,3.081016,120.418000
-5.281335,4.019110,0.960201,-0.125601,-0.091430,3.080637,120.520000
-5.403208,4.025576,0.972234,-0.112221,-0.098069,3.080680,120.617000
-5.559294,4.046004,0.964456,-0.132828,-0.122567,3.087124,120.720000
-5.691139,4.061119,0.988115,-0.112805,-0.120573,3.077997,120.816000
-5.788719,4.063205,1.009013,-0.121933,-0.114152,3.081214,120.916000
-5.946084,4.060699,1.071697,-0.083422,-0.128611,3.078699,121.018000
-6.087465,4.062235,1.062642,-0.100107,-0.135908,3.090707,121.117000
-6.148124,4.021109,1.133483,-0.048374,-0.109895,-3.134462,121.217000
-6.263595,4.003188,1.064135,-0.107117,-0.074015,-3.031231,121.318000
-6.490172,3.904929,1.147666,-0.104411,-0.106989,-2.930779,121.418000
-6.581948,3.873180,1.155817,-0.090383,-0.095419,-2.879993,121.517000
-6.762332,3.833742,1.158666,-0.108655,-0.103098,-2.846305,121.617000
-6.874115,3.848662,1.186425,-0.126001,-0.112787,-2.835797,121.718000
-6.951049,3.783869,1.182617,-0.096451,-0.091166,-2.788351,121.817000
-7.047052,3.683852,1.205906,-0.107258,-0.088381,-2.693046,121.918000
-7.144160,3.547994,1.195437,-0.128085,-0.094413,-2.552414,122.022000
-7.262734,3.503105,1.220533,-0.124473,-0.082650,-2.470001,122.119000
-7.383636,3.440707,1.225955,-0.130986,-0.081988,-2.427726,122.221000
-7.453030,3.310823,1.240330,-0.142705,-0.072947,-2.381993,122.317000
-7.525709,3.256322,1.241716,-0.118377,-0.084788,-2.364311,122.420000
-7.657571,3.150925,1.245266,-0.128715,-0.082640,-2.355902,122.517000
-7.724699,3.099808,1.268868,-0.149009,-0.080169,-2.349969,122.619000
-7.852025,2.942093,1.282587,-0.153981,-0.087267,-2.330596,122.721000
-7.948245,2.874235,1.317333,-0.141700,-0.096925,-2.332027,122.817000
-8.011070,2.782802,1.304921,-0.145953,-0.086836,-2.302200,122.917000
-8.040744,2.684953,1.300111,-0.151112,-0.080365,-2.228146,123.017000
-8.067506,2.632817,1.297857,-0.168580,-0.036588,-2.129139,123.117000
-8.167995,2.520017,1.304939,-0.158389,-0.022945,-2.004163,123.219000
-8.255614,2.207988,1.308092,-0.139151,-0.041427,-1.784400,123.317000
-8.277527,2.118759,1.290637,-0.165665,0.000429,-1.666468,123.417000
-8.235748,1.940320,1.268550,-0.151010,0.050297,-1.496695,123.517000
-8.244045,1.844339,1.285567,-0.151468,0.059113,-1.383382,123.620000
-8.203480,1.748293,1.273112,-0.161111,0.079605,-1.242548,123.721000
-8.144121,1.657309,1.262348,-0.127345,0.090675,-1.111869,123.819000
-8.091618,1.570047,1.257940,-0.130837,0.090636,-1.044165,123.921000
-8.042154,1.475733,1.267314,-0.145164,0.107300,-0.998371,124.017000
-7.977588,1.360446,1.260382,-0.147492,0.106356,-0.972745,124.118000
-7.874294,1.271100,1.242508,-0.128609,0.116797,-0.860193,124.220000
-7.772121,1.182577,1.209700,-0.109703,0.123400,-0.740240,124.317000
-7.664228,1.106257,1.188590,-0.095965,0.128352,-0.621144,124.417000
-7.556421,1.041272,1.173510,-0.081247,0.144381,-0.509122,124.521000
-7.450079,1.006143,1.167972,-0.067329,0.142151,-0.425079,124.617000
-7.350817,0.967859,1.149131,-0.069597,0.151715,-0.374398,124.717000
-7.237670,0.903683,1.144716,-0.066223,0.142636,-0.350244,124.816000
-7.128899,0.860416,1.121663,-0.069905,0.145716,-0.329223,124.917000
-7.005677,0.826683,1.101352,-0.060988,0.145742,-0.310146,125.018000
-6.888819,0.748311,1.068650,-0.068842,0.147730,-0.308388,125.118000
-6.750174,0.743706,1.045722,-0.047658,0.141075,-0.296659,125.222000
-6.650219,0.690179,1.036085,-0.052777,0.146517,-0.301422,125.317000
-6.510308,0.648010,1.022228,-0.056659,0.137803,-0.291477,125.421000
-6.418631,0.604998,0.994982,-0.043694,0.148106,-0.295005,125.516000
-6.261307,0.563743,0.976151,-0.052800,0.143290,-0.292933,125.618000
-6.150085,0.527454,0.959327,-0.049934,0.147548,-0.295715,125.719000
-6.017859,0.492327,0.941619,-0.051973,0.140579,-0.297282,125.818000
-5.875484,0.447403,0.921191,-0.053612,0.130412,-0.292871,125.919000
-5.751904,0.405852,0.915315,-0.061316,0.126051,-0.295547,126.021000
-5.636010,0.371890,0.878240,-0.054252,0.123977,-0.297884,126.116000
-5.493967,0.338009,0.865281,-0.061628,0.114456,-0.290597,126.218000
-5.374847,0.290291,0.857236,-0.063012,0.118039,-0.293659,126.317000
-5.230104,0.253526,0.863746,-0.055898,0.114514,-0.292955,126.417000
-5.111254,0.211812,0.818497,-0.056395,0.110628,-0.299678,126.521000
-5.009169,0.170420,0.813993,-0.060761,0.119607,-0.297295,126.616000
-4.878975,0.151768,0.791328,-0.045791,0.125400,-0.294945,126.718000
-4.759868,0.099377,0.767806,-0.058350,0.123387,-0.302633,126.817000
-4.643172,-0.002022,0.744519,-0.052729,0.108430,-0.396672,126.916000
-4.523552,-0.063797,0.718361,-0.057263,0.097260,-0.495477,127.017000
-4.430077,-0.161489,0.712432,-0.071057,0.087882,-0.627020,127.118000
-4.321313,-0.250882,0.701040,-0.077451,0.059928,-0.755138,127.218000
-4.249881,-0.289338,0.693954,-0.085078,0.067128,-0.878628,127.319000
-4.158640,-0.365661,0.661958,-0.078626,0.062841,-0.951234,127.419000
-4.093556,-0.451318,0.664887,-0.077974,0.051989,-1.002246,127.521000
-4.013149,-0.579014,0.653566,-0.073397,0.065910,-1.035792,127.619000
-3.941819,-0.678407,0.645953,-0.076054,0.051519,-1.051650,127.719000
-3.899957,-0.779037,0.661698,-0.091771,0.041024,-1.136056,127.823000
-3.890781,-0.904414,0.644732,-0.108720,0.038193,-1.196290,127.921000
-3.826003,-1.041045,0.628010,-0.110500,0.024285,-1.226036,128.020000
-3.797189,-1.158613,0.624581,-0.124411,0.008433,-1.254879,128.122000
-3.690083,-1.262560,0.646499,-0.090172,0.029192,-1.269327,128.218000
-3.667064,-1.432266,0.634743,-0.101925,-0.008015,-1.285100,128.321000
-3.624834,-1.533981,0.622086,-0.102239,-0.006173,-1.286561,128.423000
-3.550754,-1.670803,0.665401,-0.084091,-0.013215,-1.296191,128.522000
-3.522410,-1.767891,0.663380,-0.086832,-0.004797,-1.288734,128.618000
-3.475409,-1.894787,0.667846,-0.079148,-0.009197,-1.298344,128.718000
-3.445191,-2.027582,0.670226,-0.080222,-0.013132,-1.292745,128.819000
-3.396658,-2.157776,0.681653,-0.077428,-0.019071,-1.304723,128.918000
-3.416866,-2.285762,0.680093,-0.094600,-0.028849,-1.371327,129.017000
-3.386142,-2.460755,0.701290,-0.077029,-0.069211,-1.471965,129.122000
-3.364439,-2.571675,0.717020,-0.066121,-0.071151,-1.536878,129.218000
-3.366704,-2.679986,0.725042,-0.072038,-0.052293,-1.565153,129.320000
-3.374699,-2.780160,0.716073,-0.080643,-0.051584,-1.585461,129.421000
-3.361128,-2.924059,0.733662,-0.052815,-0.077583,-1.584089,129.519000
-3.375842,-3.061916,0.762767,-0.062585,-0.089362,-1.593005,129.619000
-3.376076,-3.220728,0.779218,-0.064305,-0.101461,-1.599792,129.721000
-3.405120,-3.287812,0.800239,-0.052089,-0.080943,-1.596057,129.819000
-3.384009,-3.442587,0.819481,-0.044612,-0.081483,-1.590957,129.923000
-3.394297,-3.580801,0.809191,-0.052090,-0.090836,-1.592657,130.021000
-3.383915,-3.737061,0.843751,-0.047501,-0.105045,-1.601975,130.120000
-3.385393,-3.853531,0.852130,-0.054119,-0.089576,-1.607293,130.222000
-3.417311,-3.983450,0.839927,-0.072805,-0.094874,-1.591785,130.321000
-3.412066,-4.103847,0.855466,-0.048514,-0.082531,-1.597952,130.422000
-3.419357,-4.243273,0.879025,-0.075656,-0.088258,-1.598323,130.519000
-3.434025,-4.387954,0.885027,-0.044459,-0.089362,-1.606846,130.622000
-3.401391,-4.507613,0.882556,-0.048076,-0.099686,-1.585795,130.720000
-3.415601,-4.624762,0.904936,-0.053937,-0.096444,-1.588264,130.823000
-3.401081,-4.757397,0.917319,-0.068351,-0.113939,-1.565094,130.920000
-3.369712,-4.890754,0.906529,-0.052067,-0.105852,-1.560278,131.022000
-3.390311,-5.003881,0.907391,-0.057198,-0.077996,-1.585001,131.120000
-3.399311,-5.141840,0.967503,-0.056667,-0.102079,-1.647451,131.220000
-3.423180,-5.257540,0.991486,-0.060119,-0.102331,-1.746428,131.318000
-3.526452,-5.428849,1.001564,-0.004286,-0.100314,-1.904275,131.421000
-3.595275,-5.528594,0.997150,-0.036666,-0.121898,-2.011180,131.518000
-3.667075,-5.634090,1.042015,-0.002614,-0.114716,-2.149627,131.620000
-3.769785,-5.710631,1.021540,0.008511,-0.138781,-2.306757,131.721000
-3.847712,-5.783296,1.028942,0.035056,-0.131136,-2.454256,131.820000
-3.927084,-5.866690,1.061486,0.049236,-0.121218,-2.574829,131.919000
-4.026617,-5.900667,1.079645,0.075575,-0.111256,-2.702141,132.023000
-4.141844,-5.933712,1.083148,0.077733,-0.106883,-2.807447,132.121000
-4.253451,-6.007133,1.112096,0.079446,-0.111042,-2.855558,132.223000
-4.377385,-6.019188,1.139354,0.096285,-0.114654,-2.894173,132.319000
-4.487953,-6.060030,1.158719,0.117696,-0.114758,-2.919461,132.420000
-4.620231,-6.078973,1.177352,0.112034,-0.107022,-2.920036,132.522000
-4.756134,-6.090693,1.165395,0.108351,-0.114316,-2.936714,132.618000
-4.853204,-6.130754,1.187285,0.116232,-0.125231,-2.928916,132.718000
-4.994210,-6.147557,1.184391,0.123559,-0.123023,-2.943432,132.820000
-5.136471,-6.176015,1.236457,0.102360,-0.117753,-2.937878,132.918000
-5.258219,-6.182470,1.257821,0.086293,-0.126016,-2.941971,133.020000
-5.385396,-6.207038,1.284851,0.089389,-0.125616,-2.941202,133.121000
-5.485813,-6.247126,1.287252,0.103503,-0.122314,-2.943976,133.220000
-5.613349,-6.262896,1.304532,0.083900,-0.114026,-2.947635,133.317000
-5.770303,-6.280807,1.329526,0.086881,-0.132696,-2.936677,133.420000
-5.899872,-6.318756,1.328979,0.095314,-0.134077,-2.938033,133.522000
-6.003113,-6.354425,1.362859,0.136522,-0.124535,-2.943537,133.619000
-6.166374,-6.384326,1.366082,0.112528,-0.140268,-2.937503,133.719000
-6.257783,-6.415239,1.389946,0.120474,-0.138053,-2.939300,133.818000
-6.438250,-6.440643,1.410956,0.115160,-0.150759,-2.939758,133.922000
-6.523398,-6.451227,1.410843,0.094090,-0.138262,-2.937160,134.017000
-6.675493,-6.494451,1.434182,0.111542,-0.142411,-2.936748,134.118000
-6.804580,-6.514417,1.468171,0.107306,-0.146379,-2.938120,134.221000
-6.945023,-6.524976,1.494894,0.137897,-0.153828,-2.966667,134.320000
-7.048618,-6.537666,1.519168,0.168913,-0.147501,-3.040850,134.418000
-7.169589,-6.546992,1.524680,0.172517,-0.125752,-3.137494,134.520000
-7.281299,-6.496827,1.553759,0.192865,-0.093663,3.013790,134.619000
-7.418777,-6.449841,1.542609,0.180739,-0.085746,2.891893,134.718000
-7.546282,-6.369979,1.557630,0.191834,-0.042761,2.743800,134.821000
-7.648768,-6.327020,1.573046,0.206425,-0.031271,2.641151,134.917000
-7.759572,-6.203847,1.587469,0.224219,-0.004175,2.483279,135.018000
-7.822279,-6.108537,1.567406,0.193387,0.005890,2.341546,135.119000
-7.954611,-6.019662,1.550127,0.176173,0.041064,2.226875,135.218000
-7.964598,-5.935481,1.542556,0.174873,0.069418,2.116049,135.318000
-8.021920,-5.850864,1.547410,0.178294,0.077153,1.992130,135.421000
-8.055699,-5.720018,1.542172,0.157999,0.067935,1.884844,135.519000
-8.106783,-5.618286,1.531904,0.151184,0.063910,1.833929,135.621000
-8.116171,-5.495970,1.521656,0.139917,0.081949,1.790787,135.717000
-8.194194,-5.362285,1.496993,0.169087,0.084292,1.772627,135.818000
-8.197442,-5.257763,1.484750,0.168380,0.081844,1.769588,135.920000
-8.215800,-5.126205,1.475142,0.172602,0.090019,1.764434,136.021000
-8.245312,-5.008841,1.452006,0.169344,0.086452,1.766600,136.120000
-8.280107,-4.886403,1.432247,0.166435,0.079586,1.818051,136.218000
-8.314484,-4.793228,1.439576,0.170965,0.063666,1.877778,136.318000
-8.330338,-4.671892,1.427156,0.151911,0.063333,1.892898,136.418000
-8.392134,-4.543334,1.437671,0.173180,0.062113,1.908994,136.519000
-8.409069,-4.444973,1.427994,0.154642,0.064493,1.925152,136.621000
-8.437721,-4.344878,1.414974,0.141526,0.068036,1.928500,136.722000
-8.493050,-4.234101,1.428777,0.139876,0.061053,1.939905,136.817000
-8.555737,-4.066380,1.412454,0.190652,0.048758,1.926798,136.919000
-8.603101,-3.913494,1.398451,0.176805,0.043671,1.923806,137.020000
-8.662679,-3.779256,1.413077,0.199187,0.025285,1.925162,137.117000
-8.685985,-3.674687,1.413026,0.189264,0.044777,1.901490,137.217000
-8.722125,-3.538545,1.401993,0.197265,0.032215,1.821271,137.317000
-8.711725,-3.372804,1.399102,0.204731,0.061249,1.692349,137.420000
-8.710076,-3.252786,1.390444,0.211877,0.084325,1.573799,137.517000
-8.700706,-3.101754,1.386896,0.171716,0.085368,1.446259,137.617000
-8.663572,-3.002542,1.354560,0.113992,0.077117,1.321954,137.717000
-8.624352,-2.917998,1.349658,0.155788,0.149395,1.212445,137.821000
-8.585100,-2.775331,1.344648,0.145194,0.127954,1.147723,137.919000
-8.517125,-2.674078,1.302613,0.117374,0.140426,1.100220,138.017000
-8.464869,-2.515863,1.327478,0.129888,0.129385,1.079438,138.118000
-8.378371,-2.409002,1.299764,0.115851,0.132605,1.027334,138.221000
-8.294818,-2.305302,1.288272,0.104930,0.138805,0.940207,138.317000
-8.197278,-2.216666,1.265555,0.087996,0.142052,0.824605,138.420000
-8.109465,-2.169297,1.213615,0.051124,0.151490,0.706233,138.520000
-7.991157,-2.085069,1.204111,0.058957,0.152737,0.571593,138.620000
-7.902658,-1.991142,1.180340,0.042135,0.148783,0.457693,138.718000
-7.739471,-1.976907,1.155769,0.028931,0.151867,0.323463,138.817000
-7.647244,-1.893679,1.136072,0.041112,0.149533,0.290486,138.918000
-7.539380,-1.886999,1.140727,0.010362,0.148421,0.255840,139.020000
-7.429448,-1.829363,1.122955,0.007837,0.156715,0.247067,139.120000
-7.287212,-1.821181,1.096080,0.026899,0.143725,0.219616,139.217000
-7.178369,-1.801319,1.065135,-0.002751,0.143296,0.223484,139.318000
-7.013478,-1.740901,1.045396,-0.015123,0.141137,0.202523,139.420000
-6.887410,-1.734665,1.029004,-0.015673,0.130913,0.210932,139.522000
-6.774945,-1.703689,1.027410,-0.008721,0.132349,0.205709,139.619000
-6.643327,-1.687279,0.998047,-0.035521,0.121806,0.194922,139.719000
-6.529939,-1.649186,1.000721,-0.023210,0.121618,0.194979,139.817000
-6.386893,-1.638154,0.964360,-0.029061,0.122368,0.189003,139.918000
-6.268957,-1.595389,0.946328,-0.025638,0.111496,0.188607,140.018000
-6.113673,-1.547140,0.920131,-0.008854,0.099010,0.180049,140.121000
-6.007092,-1.550117,0.906967,-0.019080,0.111439,0.187726,140.217000
-5.887945,-1.544261,0.870350,-0.042398,0.110293,0.189554,140.318000
-5.748778,-1.503925,0.841705,-0.061617,0.104768,0.194694,140.420000
-5.602675,-1.497766,0.822481,-0.048116,0.088662,0.189328,140.520000
-5.497780,-1.490906,0.829098,-0.047371,0.097520,0.196678,140.621000
-5.364036,-1.436082,0.829489,-0.025987,0.112564,0.197644,140.721000
-5.239050,-1.430371,0.808795,-0.032132,0.100650,0.197323,140.822000
-5.112893,-1.379418,0.791790,-0.004887,0.094550,0.200153,140.917000
-4.981835,-1.361291,0.782954,-0.009086,0.094950,0.202521,141.018000
-4.852674,-1.337379,0.736372,-0.042510,0.097275,0.206084,141.119000
-4.717978,-1.328027,0.729222,-0.039167,0.096837,0.195167,141.220000
-4.620440,-1.321952,0.692140,-0.046489,0.122614,0.196540,141.320000
-4.471282,-1.271176,0.711833,-0.021120,0.105695,0.196391,141.422000
-4.369988,-1.221991,0.706889,-0.014905,0.099532,0.252550,141.521000
-4.227546,-1.156665,0.683500,-0.006030,0.090201,0.347340,141.622000
-4.151212,-1.096172,0.675599,0.010832,0.095841,0.464970,141.722000
-4.064974,-1.052743,0.668529,0.027249,0.102570,0.562970,141.818000
-3.973627,-0.966951,0.672862,0.038914,0.097662,0.703207,141.918000
-3.832936,-0.905670,0.660223,0.047562,0.094636,0.811795,142.020000
-3.777716,-0.783297,0.643348,0.058234,0.083012,0.916690,142.117000
-3.716727,-0.711836,0.626642,0.070987,0.080408,0.976326,142.217000
-3.640443,-0.588692,0.640322,0.068730,0.082842,0.950079,142.317000
-3.546472,-0.520882,0.633869,0.054251,0.066229,0.877093,142.417000
-3.449996,-0.445180,0.631548,0.051076,0.067013,0.777426,142.521000
-3.357334,-0.376897,0.623348,0.044095,0.065301,0.685820,142.617000
-3.239074,-0.351740,0.622927,0.031475,0.072803,0.547696,142.720000
-3.157117,-0.312692,0.584965,0.027217,0.090011,0.422034,142.823000
-3.025847,-0.298541,0.524143,0.023466,0.089683,0.290186,142.921000
-2.915431,-0.247670,0.485362,0.027403,0.088478,0.194902,143.018000
-2.795927,-0.214666,0.451060,0.026702,0.096478,0.135322,143.119000
-2.673451,-0.182084,0.416364,0.015352,0.105945,0.103811,143.218000
-2.523211,-0.166293,0.363356,0.011079,0.100658,0.080910,143.317000
-2.396531,-0.168558,0.368339,0.014431,0.101241,0.061786,143.418000
-2.263683,-0.151495,0.356312,0.021264,0.103958,0.054827,143.519000
-2.170070,-0.136425,0.324557,0.016710,0.117929,0.049600,143.620000
-2.010833,-0.128990,0.304256,0.010632,0.098016,0.045116,143.721000
-1.852090,-0.120382,0.293775,0.020049,0.088937,0.046454,143.821000
-1.742442,-0.118506,0.296841,0.004112,0.100359,0.046688,143.920000
-1.645801,-0.111365,0.306424,0.018584,0.115198,0.044873,144.021000
-1.497322,-0.113602,0.290774,-0.000597,0.101997,0.049370,144.117000
-1.413406,-0.118827,0.255491,0.001435,0.085733,0.054764,144.218000
-1.373269,-0.107165,0.274207,0.003668,0.092785,0.057636,144.318000
-1.360022,-0.096001,0.277546,0.006950,0.097542,0.065436,144.419000
-1.355506,-0.108287,0.296349,0.012149,0.102182,0.061762,144.518000
-1.349289,-0.110696,0.296546,0.009551,0.097313,0.063153,144.620000
-1.352845,-0.095288,0.265398,0.011735,0.091642,0.064744,144.721000
-1.355942,-0.100997,0.271318,0.017041,0.092032,0.061447,144.820000
-1.352136,-0.109874,0.276948,0.016566,0.095628,0.061912,144.920000
-1.354236,-0.097056,0.289677,0.007004,0.095592,0.066096,145.017000
-1.361569,-0.105009,0.270424,0.002493,0.095859,0.063716,145.119000
-1.351697,-0.119196,0.267929,0.010041,0.092866,0.061375,145.221000
-1.353244,-0.097083,0.292777,0.003792,0.099535,0.067372,145.320000
-1.352192,-0.105087,0.300554,0.005938,0.099821,0.064193,145.420000
-1.354261,-0.098877,0.309760,0.020748,0.094884,0.062642,145.518000
-1.352256,-0.113950,0.293322,0.007517,0.095517,0.061874,145.620000
-1.351308,-0.097555,0.283098,0.000868,0.092525,0.067153,145.720000
-1.346560,-0.119915,0.269239,-0.019865,0.089372,0.063307,145.820000
-1.349260,-0.113906,0.257851,-0.014235,0.088423,0.064272,145.922000
-1.349228,-0.110750,0.266365,-0.005596,0.088030,0.063595,146.017000
-1.352233,-0.097319,0.299065,0.017282,0.093659,0.063583,146.120000
-1.353887,-0.096059,0.297955,0.016895,0.096121,0.062708,146.218000
-1.354287,-0.109593,0.271940,-0.001464,0.093207,0.064200,146.318000
-1.360101,-0.107651,0.267168,0.000926,0.098226,0.063831,146.419000
-1.351118,-0.096605,0.275319,0.015221,0.089939,0.063515,146.520000
-1.351614,-0.105162,0.279902,0.006098,0.090708,0.064289,146.621000
-1.351958,-0.109814,0.275230,0.000024,0.092376,0.062803,146.721000
-1.345312,-0.106750,0.284813,0.019469,0.089258,0.061297,146.821000
-1.359018,-0.089864,0.308056,0.011563,0.098787,0.067374,146.919000
-1.355325,-0.100796,0.300509,0.014344,0.099124,0.064662,147.018000
-1.357567,-0.105345,0.293724,0.003884,0.099096,0.065015,147.117000
-1.361821,-0.107368,0.307775,0.001087,0.102960,0.064651,147.219000
-1.347668,-0.108863,0.280738,-0.003643,0.090553,0.063330,147.318000
-1.345965,-0.104408,0.275622,0.002387,0.087249,0.064012,147.422000
-1.360992,-0.114590,0.284628,-0.001177,0.099014,0.063970,147.518000
-1.356210,-0.109771,0.271957,0.003454,0.095044,0.063280,147.617000
-1.356461,-0.111033,0.276814,-0.002018,0.093402,0.063985,147.718000
-1.348750,-0.108443,0.264661,0.004514,0.089232,0.064274,147.822000
-1.356297,-0.107929,0.280715,0.000862,0.096317,0.064379,147.917000
-1.349910,-0.109421,0.264597,0.004436,0.090295,0.063049,148.019000
-1.355782,-0.113344,0.271800,0.010360,0.092277,0.061515,148.120000
-1.353179,-0.086380,0.277051,0.012766,0.095238,0.067140,148.221000
-1.347946,-0.108132,0.283598,-0.002456,0.089027,0.063072,148.318000
-1.352863,-0.107348,0.266659,0.000485,0.090481,0.061561,148.419000
-1.349878,-0.103554,0.288586,0.027631,0.090001,0.061018,148.520000
-1.361035,-0.089435,0.293119,0.013595,0.098161,0.066331,148.618000
-1.359246,-0.109949,0.288699,0.003780,0.097429,0.062367,148.718000
-1.353616,-0.111771,0.288307,0.009237,0.094721,0.061767,148.817000
-1.351072,-0.093208,0.263679,0.007904,0.089287,0.065196,148.921000
-1.353421,-0.103165,0.293077,0.006349,0.096238,0.064521,149.020000
-1.359411,-0.109723,0.291210,0.004412,0.098490,0.063480,149.120000
-1.352369,-0.117899,0.279161,-0.010008,0.098716,0.063833,149.222000
-1.352853,-0.096216,0.292120,0.017133,0.088155,0.062411,149.320000
-1.357537,-0.103496,0.284399,0.008372,0.095375,0.063014,149.419000
-1.352069,-0.109694,0.277726,0.004702,0.092606,0.062593,149.522000
-1.359550,-0.100780,0.280825,0.021446,0.096106,0.062862,149.620000
-1.357963,-0.110608,0.293881,0.017693,0.098359,0.061020,149.717000
-1.356060,-0.088899,0.291463,0.018385,0.095044,0.064726,149.819000
-1.353102,-0.113884,0.285401,0.012899,0.092442,0.061144,149.917000
-1.358234,-0.091009,0.265527,0.005484,0.093237,0.065350,150.018000
-1.356573,-0.104275,0.299046,0.009488,0.094916,0.062747,150.121000
-1.350684,-0.089805,0.312959,0.034409,0.092930,0.063623,150.221000
-1.349977,-0.123030,0.275793,-0.003026,0.095498,0.061667,150.321000
-1.353186,-0.106900,0.278953,-0.009235,0.097449,0.066972,150.419000
-1.351645,-0.106479,0.291833,0.001897,0.094583,0.063751,150.519000
-1.354267,-0.108343,0.278197,0.003081,0.094087,0.064724,150.618000
-1.359306,-0.102652,0.311566,0.019067,0.097804,0.062850,150.718000
-1.346251,-0.106468,0.293439,0.019746,0.094139,0.061676,150.820000
-1.356413,-0.096135,0.275712,0.002923,0.092584,0.065932,150.920000
-1.352943,-0.096677,0.290955,0.018425,0.095793,0.063478,151.022000
-1.354625,-0.103371,0.289376,0.015262,0.094771,0.063655,151.119000
-1.354787,-0.101585,0.285172,0.011694,0.090308,0.062719,151.218000
-1.349047,-0.115821,0.266578,0.003641,0.090392,0.060727,151.317000
-1.351032,-0.086331,0.273294,0.015993,0.088664,0.066204,151.418000
-1.354685,-0.106014,0.275342,0.004666,0.093983,0.064384,151.521000
-1.354332,-0.099559,0.286258,0.015103,0.095000,0.064848,151.617000
-1.351703,-0.098531,0.278761,0.012712,0.091006,0.063997,151.718000
-1.358165,-0.103161,0.279369,0.007047,0.095807,0.063605,151.820000
-1.353872,-0.096991,0.288682,0.021275,0.091733,0.062513,151.921000
-1.349461,-0.116006,0.266999,0.007198,0.089913,0.061719,152.018000
-1.347047,-0.100426,0.275350,-0.001599,0.092480,0.066763,152.117000
-1.352354,-0.111146,0.286248,-0.002544,0.093314,0.063296,152.219000
-1.345129,-0.115521,0.273774,0.003299,0.086954,0.062038,152.320000
-1.353918,-0.092007,0.267810,0.003330,0.091478,0.065596,152.422000
-1.349253,-0.110391,0.280276,0.003714,0.091488,0.063409,152.520000
-1.353563,-0.092574,0.290503,0.021499,0.093135,0.065016,152.618000
-1.351441,-0.101993,0.269147,0.009925,0.092024,0.064161,152.719000
-1.352731,-0.106829,0.265412,0.006008,0.093001,0.062849,152.820000
-1.355355,-0.116834,0.263950,-0.012382,0.093800,0.061975,152.920000
-1.344642,-0.120839,0.269751,-0.001527,0.089341,0.060523,153.021000
-1.351686,-0.091071,0.285497,0.011950,0.090483,0.065415,153.120000
-1.352702,-0.102291,0.276444,0.009131,0.090759,0.063023,153.222000
-1.353197,-0.100015,0.296490,0.017160,0.091621,0.063440,153.320000
-1.356810,-0.119180,0.284152,0.001801,0.093951,0.060701,153.421000
-1.359428,-0.105083,0.291975,-0.007476,0.101043,0.066634,153.518000
-1.356957,-0.109305,0.293134,0.005984,0.097870,0.064138,153.619000
-1.347462,-0.109251,0.266513,0.000404,0.090621,0.063463,153.722000
-1.355444,-0.118010,0.274183,-0.000152,0.096704,0.061400,153.821000
-1.353512,-0.098515,0.281093,0.000890,0.095879,0.066682,153.922000
-1.356490,-0.100012,0.294092,0.014598,0.097424,0.063749,154.019000
-1.355169,-0.112332,0.272622,-0.008409,0.092818,0.063080,154.117000
-1.354245,-0.112860,0.260238,-0.003409,0.091198,0.063237,154.217000
-1.353922,-0.094104,0.279203,0.014852,0.091419,0.063496,154.317000
-1.350497,-0.107187,0.282914,0.006391,0.092215,0.063015,154.421000
-1.360504,-0.105469,0.286017,0.009795,0.095732,0.063216,154.521000
-1.355889,-0.117078,0.286092,0.001498,0.095188,0.061578,154.621000
-1.363142,-0.097505,0.287841,0.005863,0.097067,0.064053,154.720000
-1.356464,-0.114037,0.276437,0.006183,0.093912,0.060355,154.818000
-1.367116,-0.089375,0.276042,0.015412,0.100423,0.065601,154.918000
