0.921846
39.588020
41.031860
42.171185
39.603111
41.840317
40.888657
42.301567
39.650192
42.141148
42.915054
41.436386
38.144112
40.939571
43.389347
40.243065
40.142509
38.990078
34.300732
42.024357
41.830246
44.557911
49.222897
47.722668
43.177643
53.243382
52.462429
54.537533
53.374302
52.771770
56.745953
57.766754
55.175659
55.975163
57.801071
56.053051
53.104042
64.748589
54.870708
71.031212
63.194321
66.638748
66.205765
72.657570
55.501377
61.708244
66.095879
62.765530
62.921524
72.160522
61.134705
56.768955
56.590176
61.905819
63.256477
61.176556
57.157928
59.445583
56.585056
52.124180
45.189854
47.386204
39.940170
38.997547
38.382141
38.003613
33.607742
30.532200
28.325869
33.699757
39.330074
39.526134
37.054382
40.629223
49.033245
48.503471
50.046707
47.067364
45.865120
50.741451
51.043213
50.844151
53.744316
51.518845
48.693203
53.262447
49.036495
44.745018
45.577888
45.328903
39.851704
38.432461
37.029484
38.127968
41.306458
37.333736
37.288280
44.440678
36.663483
34.924522
35.241802
39.020905
37.634529
31.915430
35.929283
36.037189
36.136414
34.964878
39.409519
37.529182
36.677437
35.748455
37.903439
39.222786
37.007912
34.066910
35.728184
34.393234
37.010319
33.438202
33.756462
37.947216
37.683296
36.834351
34.888412
33.843189
32.664986
34.832207
34.708000
33.816742
35.104130
36.124310
38.123863
35.052692
38.231228
35.649273
36.293400
35.397110
35.642590
35.651390
36.894005
34.734001
34.586678
37.540810
35.959354
34.847588
35.668968
38.812134
33.442139
33.317951
38.186367
36.550510
36.785698
34.926735
35.635635
36.171467
35.263771
37.592621
37.030750
37.761471
35.023273
34.365185
35.582954
35.799290
36.094555
34.436783
36.956688
37.108665
34.218269
34.562256
34.032310
36.286652
34.456211
34.319172
33.517830
37.157291
37.396523
34.725414
35.725128
39.390724
35.862251
36.180515
35.062775
36.187805
34.691784
36.416656
37.702610
37.484859
36.282326
34.178463
35.849998
38.606876
37.019073
37.102146
35.180180
38.552994
35.806530
36.006348
35.903782
38.499458
37.397106
37.374577
37.539604
38.387413
37.544643
40.622059
37.649734
37.262821
35.500946
40.571243
38.455757
34.115051
39.912766
38.077274
36.945732
37.699505
38.624886
38.760429
38.251312
35.989338
35.547848
37.738609
34.365463
39.193401
37.769947
37.266243
39.654766
34.331207
35.394764
35.611507
36.862679
38.961544
39.088848
38.537685
39.253391
38.589886
39.099964
36.328320
40.549454
35.503307
37.100285
36.804085
34.470402
34.976551
35.308483
35.645741
36.765247
33.045151
36.015621
36.236790
34.194206
35.222992
37.919945
34.452648
36.445221
36.523964
34.941608
39.916790
37.255325
34.793777
35.673836
35.154404
37.233845
35.488663
34.676033
38.112610
40.966301
34.274738
36.498955
38.235123
36.627319
37.557022
37.471447
39.684303
34.433464
36.170315
34.101143
35.579597
34.727634
35.590141
38.198895
37.581192
34.861958
38.385872
37.645584
37.888859
35.823803
37.071671
36.167770
40.717342
37.056931
36.055527
35.479061
34.455914
32.352627
37.739124
37.209747
33.188866
34.578384
35.790451
35.157887
34.070503
36.189938
36.367031
34.004311
34.354511
37.295120
36.736721
33.939526
34.086327
34.974789
36.061707
34.521595
36.899632
35.351494
38.395786
37.023746
32.872574
34.914005
35.430069
34.447628
34.346600
36.369041
32.568424
33.487576
35.710159
29.745325
31.588223
31.086143
30.570583
34.825394
33.946411
34.706135
31.149090
33.808704
33.874695
33.590759
31.405907
26.089951
30.662491
30.703205
31.696957
39.356743
35.352757
36.515762
34.484936
38.332546
34.257835
35.951717
36.484169
35.793240
39.458595
37.613655
36.206894
37.279690
37.137028
39.812500
37.690945
40.777611
39.929447
40.617653
41.641022
39.482330
37.168423
36.351154
39.234951
38.277283
34.251595
35.443970
37.602535
34.103260
34.457634
33.202209
29.678682
33.928551
31.427933
28.020435
30.522699
30.269245
27.740864
31.982645
34.820633
40.649727
43.156693
52.990341
51.342621
45.165001
50.087238
47.698864
45.568199
43.056477
47.006294
46.983101
52.035210
56.951576
53.258114
53.711529
56.640205
59.572723
56.352051
61.767189
57.601795
57.609913
52.812328
53.094299
63.382633
65.347168
62.810101
65.659386
68.205666
64.026482
70.575020
69.388321
67.627014
70.724785
70.034286
70.757744
68.923500
72.216499
77.013596
73.560463
75.446266
68.279190
69.749336
69.855759
71.857735
77.025375
70.966171
73.328102
71.986588
71.884193
71.489868
65.642174
70.054893
65.892403
64.307556
67.968094
67.666397
71.693855
71.845634
67.317245
81.165176
82.702141
80.099976
82.225479
81.759590
88.809105
83.623474
88.224937
79.000473
70.428749
58.370361
61.145748
55.971371
56.744404
52.755630
58.807545
53.059612
52.369698
50.287003
47.473129
46.968418
45.173649
45.282383
44.444000
38.566795
35.069576
31.638445
28.316227
30.329172
28.619041
28.550814
29.291470
27.820311
26.827095
29.067726
29.224977
30.231386
29.418051
25.532042
26.249615
27.826729
38.256889
37.644451
43.125816
48.910046
50.330238
51.671795
53.324970
53.905380
48.870949
46.582668
39.541786
32.243092
29.252047
28.051447
29.484617
26.498333
25.742191
24.584419
26.724520
24.808451
24.706873
24.726521
24.793415
24.699797
25.227827
28.030693
25.779869
23.862020
26.262497
27.252815
25.424892
26.277472
26.729637
31.246046
31.460575
36.244675
45.691322
49.199242
55.036720
48.606010
47.571739
46.323742
53.510143
48.888180
44.932617
44.687237
32.639687
29.177790
29.777670
27.203539
28.005678
28.596643
27.370985
29.431196
27.770136
27.254490
24.322226
26.454590
27.199373
27.133228
23.504749
25.949556
28.853956
27.866022
24.204060
36.284801
44.949039
46.230190
45.938812
49.977650
47.684372
51.299347
53.184631
46.424206
43.975628
42.445282
35.842098
37.359600
32.251663
35.704685
36.873386
36.704643
32.631947
30.907473
33.501534
32.533043
31.794687
34.960297
33.434113
35.985455
34.717323
35.484875
34.976463
35.004772
34.332352
39.529030
41.298634
41.208260
43.852997
51.059727
56.176422
57.767742
59.361275
66.488365
68.311478
77.682220
85.237312
103.210487
107.162933
112.095261
99.442360
103.550339
103.335304
101.163254
101.744026
91.502174
83.035553
84.212746
75.498276
74.574707
77.326797
74.822502
75.968727
69.646729
77.623245
77.794769
73.343307
83.173058
79.578453
69.865471
71.959282
64.366959
69.869293
65.554070
71.009773
70.586136
73.232391
69.443642
66.046913
66.546814
66.980293
70.845352
69.959732
69.282684
67.698784
68.019203
71.375153
67.192818
68.302170
70.806625
69.490021
68.522491
67.151466
66.540581
68.436798
69.791794
67.873047
66.261703
67.391296
64.671303
69.941185
69.688232
69.462791
67.436180
69.277252
71.068909
70.066032
69.484039
68.096046
70.699478
68.369614
69.137939
68.016090
70.812317
68.610374
70.355827
70.898193
71.420807
72.855194
68.690598
68.453674
73.186760
73.138710
74.986267
71.875343
72.589172
71.825317
69.652840
69.380135
70.968292
70.122772
68.511063
69.096085
71.024719
71.099442
68.752533
68.672661
69.884872
71.156761
70.924355
70.087074
68.710320
72.360725
67.637833
68.409592
68.718468
70.931763
67.309105
67.948990
71.009819
68.127571
66.888687
67.359512
70.320457
66.499237
70.624641
71.380302
66.607140
68.834892
68.384476
71.568001
67.850128
63.804504
69.513405
68.868698
66.503731
67.114975
68.307304
65.964813
68.424690
67.338120
69.487534
71.172165
66.597939
67.247887
68.931946
71.782364
