0.000040,0.000355,-0.000029,0.000000,-0.000008,-0.000032,83.114000
0.000092,0.000380,-0.000092,-0.000008,-0.000030,-0.000065,83.218000
0.000384,0.001810,-0.000173,-0.000013,-0.000050,0.000678,83.319000
0.000999,0.002798,-0.000278,-0.000023,-0.000052,0.000734,83.415000
0.001059,0.004024,-0.000400,-0.000018,-0.000068,0.000568,83.521000
0.001328,0.005055,-0.000538,-0.000012,-0.000056,0.000547,83.616000
0.002383,0.005680,-0.000702,-0.000015,-0.000063,0.001743,83.717000
0.003584,0.006097,-0.000891,-0.000018,-0.000063,0.001702,83.816000
0.004747,0.007440,-0.001079,-0.000020,-0.000056,0.002233,83.916000
0.005848,0.008600,-0.001294,-0.000012,-0.000050,0.002163,84.016000
0.013660,0.007623,-0.001734,-0.000096,-0.002177,0.001615,84.117000
0.066582,0.031945,-0.002482,-0.002184,0.001246,0.007949,84.221000
0.129386,0.055033,-0.003012,-0.001817,0.000380,0.010173,84.315000
0.202650,0.069620,-0.003617,0.001177,0.002416,0.012147,84.417000
0.275331,0.084191,-0.004389,0.002629,0.001897,0.012702,84.515000
0.351695,0.094576,-0.005135,0.007276,0.002108,0.013793,84.615000
0.423249,0.113694,-0.005706,0.010033,0.002427,0.050541,84.715000
0.504005,0.138394,-0.006696,0.011844,0.001409,0.121584,84.819000
0.580090,0.167368,-0.007408,0.008110,-0.001895,0.192764,84.915000
0.650602,0.192602,-0.007783,0.007831,-0.000712,0.287447,85.017000
0.718080,0.226770,-0.008221,0.011825,0.001639,0.389111,85.121000
0.790273,0.226156,-0.008997,0.012460,-0.001412,0.431274,85.215000
0.868982,0.259676,-0.009699,0.008834,-0.000057,0.470793,85.320000
0.940066,0.277170,-0.010251,0.009038,-0.000776,0.492924,85.414000
1.007650,0.331231,-0.010536,0.009947,0.000177,0.511314,85.515000
1.088235,0.361753,-0.011153,0.009458,0.001345,0.514760,85.619000
1.137663,0.413424,-0.010769,0.011104,0.000358,0.522685,85.716000
1.212574,0.440359,-0.010877,0.009928,0.000622,0.523203,85.818000
1.294875,0.474671,-0.010734,0.014409,0.001584,0.519678,85.915000
1.341990,0.537146,-0.010114,0.017325,-0.000423,0.529120,86.017000
1.422199,0.544692,-0.012346,0.017683,0.000485,0.518929,86.119000
1.462132,0.612141,-0.013577,0.015507,0.001446,0.534371,86.217000
1.566330,0.610818,-0.016132,0.015029,0.001208,0.522604,86.320000
1.607338,0.676886,-0.017418,0.014698,0.003219,0.537121,86.416000
1.701797,0.685688,-0.019273,0.015684,0.000013,0.526071,86.519000
1.747437,0.780635,-0.019981,0.014995,0.002911,0.543163,86.620000
1.819989,0.826286,-0.020303,0.011228,0.002183,0.547550,86.717000
1.865065,0.932293,-0.020310,0.010789,0.002527,0.592683,86.818000
1.953628,0.985568,-0.020775,0.010868,-0.000924,0.664984,86.918000
2.023284,1.068226,-0.021226,0.012092,0.000894,0.750751,87.018000
2.091012,1.130360,-0.021444,0.012705,0.000923,0.844515,87.118000
2.126864,1.208768,-0.021142,0.019809,-0.000753,0.950549,87.220000
2.193968,1.225967,-0.020885,0.011691,0.000077,1.028909,87.318000
2.258358,1.281234,-0.020571,0.015343,0.001300,1.077701,87.419000
2.320623,1.338882,-0.020297,0.012805,-0.000158,1.115279,87.519000
2.383419,1.398694,-0.019802,0.011410,-0.003710,1.135805,87.618000
2.363821,1.487932,-0.018433,0.012565,-0.002028,1.189678,87.720000
2.385438,1.561397,-0.017811,0.015804,-0.003932,1.247270,87.816000
2.398710,1.637189,-0.017774,0.010952,-0.001221,1.302287,87.915000
2.412013,1.701477,-0.017762,0.009431,-0.000302,1.335565,88.016000
2.435071,1.764258,-0.017613,0.010687,-0.000251,1.354527,88.119000
2.455820,1.828219,-0.017759,0.008941,0.000325,1.385732,88.218000
2.463415,1.905523,-0.017754,0.006038,-0.000510,1.441590,88.317000
2.473599,1.970922,-0.017760,0.008407,-0.000128,1.475593,88.416000
2.503786,2.038995,-0.017960,0.005785,0.001355,1.502178,88.520000
2.532420,2.107571,-0.018200,0.006174,0.002260,1.514918,88.619000
2.554097,2.169646,-0.018404,0.007220,0.001879,1.522274,88.720000
2.558162,2.225652,-0.018776,0.005915,0.002728,1.524882,88.819000
2.581920,2.284240,-0.019520,0.003802,0.002695,1.526252,88.919000
2.583916,2.339304,-0.020626,-0.000296,0.004832,1.526118,89.017000
2.575963,2.425075,-0.021779,-0.000852,0.006658,1.522303,89.119000
2.568994,2.513782,-0.023041,0.000933,0.007762,1.527644,89.217000
2.573189,2.569734,-0.024183,0.003577,0.008906,1.521457,89.318000
2.586320,2.638081,-0.025567,0.005537,0.008704,1.522867,89.416000
2.585824,2.700293,-0.026996,0.004062,0.007509,1.520182,89.520000
2.628887,2.775420,-0.028586,0.004246,0.006034,1.520652,89.620000
2.655006,2.813853,-0.029754,0.003811,0.002603,1.550720,89.721000
2.646948,2.898825,-0.031445,-0.001029,0.001934,1.617511,89.819000
2.626478,2.968702,-0.032195,-0.001874,0.000666,1.705804,89.917000
2.606536,3.010933,-0.032971,-0.000117,0.000487,1.801608,90.020000
2.584739,3.069212,-0.033677,-0.002508,-0.001869,1.896796,90.119000
2.523446,3.093722,-0.034309,-0.002749,-0.000462,2.004622,90.221000
2.522949,3.149860,-0.034837,-0.004677,-0.001986,2.073452,90.317000
2.483605,3.185997,-0.035046,-0.001685,-0.001326,2.135562,90.416000
2.452704,3.196308,-0.035511,0.003308,-0.001514,2.173211,90.519000
2.420486,3.264637,-0.036686,0.002543,-0.003950,2.194310,90.623000
2.359519,3.303193,-0.037646,0.003638,-0.005831,2.234902,90.719000
2.318812,3.346255,-0.038791,0.002926,-0.003840,2.299429,90.823000
2.268615,3.385352,-0.040431,-0.001481,-0.001045,2.372048,90.918000
2.209141,3.428067,-0.041202,-0.003736,-0.004315,2.463939,91.017000
2.154013,3.464876,-0.042150,-0.005661,-0.004983,2.559624,91.117000
2.107640,3.503668,-0.044233,-0.007520,-0.002053,2.659792,91.219000
2.048103,3.487700,-0.046572,-0.007356,-0.001235,2.726696,91.316000
1.985664,3.498734,-0.048322,-0.009184,-0.003293,2.765088,91.417000
1.960188,3.501124,-0.050214,-0.012021,-0.002632,2.809762,91.516000
1.914283,3.542252,-0.051723,-0.019613,-0.002538,2.824683,91.625000
1.869915,3.557703,-0.053046,-0.018330,-0.003095,2.840079,91.718000
1.825481,3.573395,-0.053842,-0.013002,-0.001034,2.846447,91.817000
1.759524,3.587457,-0.056483,-0.016335,-0.002867,2.843451,91.919000
1.668621,3.592216,-0.058682,-0.015690,0.000449,2.875117,92.021000
1.587573,3.584180,-0.060583,-0.012715,0.003615,2.936028,92.121000
1.526225,3.555958,-0.062611,-0.009953,0.003482,3.006074,92.216000
1.464435,3.554743,-0.064953,-0.016220,0.003622,3.074430,92.320000
1.426300,3.554699,-0.067449,-0.015216,0.002888,3.115379,92.417000
1.387802,3.553133,-0.069987,-0.012449,0.008656,-3.139593,92.518000
1.342568,3.555218,-0.070426,-0.009255,0.006390,-3.125953,92.621000
1.297184,3.549233,-0.071669,-0.014004,0.005686,-3.110256,92.719000
1.252231,3.545742,-0.072736,-0.013962,0.007454,-3.103067,92.820000
1.211273,3.531162,-0.074003,-0.014619,0.006576,-3.092503,92.916000
1.181091,3.526106,-0.075247,-0.015623,0.008002,-3.093037,93.019000
1.156260,3.518228,-0.076179,-0.012982,0.011979,-3.090247,93.119000
1.114822,3.520950,-0.076713,-0.010941,0.011012,-3.094501,93.220000
1.077234,3.512655,-0.077099,-0.006661,0.012826,-3.084554,93.317000
1.035053,3.515232,-0.077838,-0.008221,0.008919,-3.080843,93.418000
0.991197,3.510466,-0.078967,-0.006833,0.011918,-3.079951,93.521000
0.952969,3.499792,-0.080075,-0.007137,0.013686,-3.082073,93.617000
0.908013,3.489942,-0.080735,-0.006190,0.010526,-3.075318,93.720000
0.866540,3.496002,-0.081503,-0.004690,0.010963,-3.073594,93.819000
0.825281,3.486860,-0.082601,-0.005430,0.011669,-3.071046,93.919000
0.786016,3.485560,-0.083406,-0.001912,0.012250,-3.074132,94.019000
0.755414,3.482084,-0.084580,-0.003668,0.015387,-3.061192,94.120000
0.730255,3.485223,-0.084813,-0.002033,0.015074,-3.063630,94.223000
0.699348,3.475289,-0.085224,0.001371,0.016515,-3.057198,94.321000
0.656648,3.456226,-0.085900,0.000493,0.016879,-3.052177,94.420000
0.621068,3.451973,-0.086060,0.002959,0.014065,-3.055972,94.517000
0.588386,3.456797,-0.086956,0.000600,0.015497,-3.045914,94.620000
0.563587,3.460350,-0.087424,-0.001439,0.014479,-3.045051,94.716000
0.549942,3.456635,-0.087703,-0.001261,0.014003,-3.043964,94.819000
0.536737,3.453159,-0.088009,-0.000773,0.013773,-3.044279,94.920000
0.532062,3.442363,-0.088335,-0.000787,0.013747,-3.041553,95.022000
0.527396,3.432346,-0.088683,-0.000784,0.013758,-3.041613,95.119000
0.527751,3.426800,-0.089003,-0.000789,0.013757,-3.041422,95.222000
0.526496,3.423841,-0.089347,-0.000741,0.013763,-3.041512,95.318000
0.521650,3.425960,-0.089901,-0.000753,0.013750,-3.042658,95.419000
0.519547,3.418644,-0.090421,-0.000630,0.013748,-3.040411,95.519000
0.516639,3.424450,-0.090992,-0.000679,0.013727,-3.042940,95.618000
0.513694,3.429459,-0.091636,-0.000762,0.013647,-3.043178,95.719000
0.510643,3.433828,-0.092332,-0.000807,0.013638,-3.043172,95.821000
0.540849,3.439722,-0.092612,-0.000921,0.013662,-3.049206,95.917000
0.535255,3.443121,-0.093421,-0.001013,0.013666,-3.051091,96.019000
0.535865,3.435144,-0.094206,-0.001012,0.013665,-3.046631,96.120000
0.535944,3.434568,-0.094952,-0.000966,0.013705,-3.047368,96.217000
0.535736,3.433667,-0.095752,-0.001054,0.013705,-3.047354,96.320000
0.535550,3.433502,-0.096539,-0.001065,0.013705,-3.046731,96.420000
0.534921,3.433560,-0.097356,-0.001061,0.013691,-3.046266,96.516000
0.534370,3.433804,-0.098186,-0.001116,0.013686,-3.047025,96.617000
0.533963,3.433643,-0.099044,-0.001136,0.013675,-3.046824,96.719000
0.533774,3.433569,-0.099939,-0.001159,0.013663,-3.046177,96.818000
0.533740,3.433166,-0.100846,-0.001198,0.013696,-3.046325,96.917000
0.534594,3.432900,-0.101777,-0.001209,0.013688,-3.044340,97.017000
0.535214,3.432773,-0.102698,-0.001236,0.013687,-3.044550,97.119000
0.535665,3.432774,-0.103591,-0.001223,0.013688,-3.044265,97.216000
0.535025,3.429912,-0.104487,-0.001190,0.013697,-3.042694,97.317000
0.534124,3.427574,-0.105417,-0.001241,0.013697,-3.042802,97.419000
0.533465,3.425364,-0.106352,-0.001245,0.013702,-3.042734,97.519000
0.533144,3.423887,-0.107329,-0.001304,0.013678,-3.042680,97.617000
0.532646,3.414158,-0.108321,-0.001257,0.013670,-3.038951,97.719000
0.530434,3.412452,-0.109336,-0.001257,0.013682,-3.038677,97.820000
0.528597,3.412448,-0.110266,-0.001117,0.013694,-3.038350,97.919000
0.529321,3.409614,-0.111198,-0.001181,0.013673,-3.039005,98.021000
0.529853,3.407448,-0.112120,-0.001198,0.013682,-3.038898,98.121000
0.530269,3.406257,-0.113039,-0.001217,0.013683,-3.038948,98.221000
0.530788,3.405431,-0.113996,-0.001301,0.013672,-3.038888,98.321000
0.530499,3.392806,-0.114996,-0.001222,0.013704,-3.033859,98.419000
0.530701,3.384340,-0.115738,-0.000991,0.013663,-3.033671,98.518000
0.542883,3.391472,-0.116332,-0.001068,0.013645,-3.037345,98.617000
0.554482,3.397904,-0.116920,-0.001089,0.013642,-3.037240,98.721000
0.560284,3.386835,-0.117669,-0.001064,0.013635,-3.030751,98.821000
0.563272,3.386476,-0.118427,-0.001055,0.013651,-3.032035,98.920000
0.566136,3.385821,-0.119033,-0.000938,0.013602,-3.031749,99.017000
0.569120,3.385560,-0.119733,-0.000997,0.013577,-3.031670,99.120000
0.571967,3.385445,-0.120440,-0.000977,0.013596,-3.031262,99.216000
0.574481,3.385612,-0.121182,-0.000992,0.013583,-3.031098,99.316000
0.576997,3.385983,-0.121940,-0.001048,0.013581,-3.030913,99.416000
0.610548,3.390790,-0.122269,-0.001206,0.013574,-3.043835,99.519000
0.621953,3.386678,-0.122854,-0.001170,0.013573,-3.042717,99.620000
0.629738,3.388054,-0.123563,-0.001263,0.013534,-3.043185,99.720000
0.633654,3.377723,-0.124355,-0.001213,0.013542,-3.039405,99.817000
0.647000,3.382233,-0.124987,-0.001216,0.013563,-3.039456,99.916000
0.660035,3.385907,-0.125685,-0.001299,0.013555,-3.039431,100.021000
0.672385,3.389456,-0.126438,-0.001338,0.013553,-3.039222,100.121000
0.681630,3.393024,-0.127247,-0.001375,0.013555,-3.039651,100.221000
0.690356,3.396358,-0.128124,-0.001440,0.013536,-3.039532,100.321000
0.702136,3.405969,-0.128957,-0.001535,0.013524,-3.043633,100.418000
0.711783,3.410801,-0.129834,-0.001558,0.013528,-3.043030,100.518000
0.717114,3.403946,-0.130799,-0.001542,0.013548,-3.038345,100.617000
0.721092,3.401224,-0.131653,-0.001459,0.013558,-3.038598,100.719000
0.724886,3.398191,-0.132548,-0.001482,0.013552,-3.038414,100.816000
0.728309,3.395731,-0.133511,-0.001534,0.013544,-3.038481,100.917000
0.731536,3.390960,-0.134467,-0.001486,0.013557,-3.036753,101.017000
0.734957,3.387015,-0.135461,-0.001543,0.013559,-3.036723,101.120000
0.737729,3.388948,-0.136404,-0.001519,0.013546,-3.037396,101.220000
0.748865,3.376923,-0.137407,-0.001556,0.013555,-3.030752,101.323000
0.738404,3.379209,-0.138619,-0.001547,0.013553,-3.032320,101.417000
0.730912,3.382255,-0.139780,-0.001538,0.013558,-3.032208,101.519000
0.723722,3.384411,-0.140956,-0.001566,0.013556,-3.032129,101.617000
0.743887,3.382116,-0.141855,-0.001667,0.013550,-3.030063,101.717000
0.745508,3.383861,-0.143012,-0.001711,0.013565,-3.031095,101.817000
0.748644,3.371227,-0.144190,-0.001664,0.013586,-3.025398,101.916000
0.778933,3.387650,-0.144888,-0.001676,0.013565,-3.029001,102.019000
0.789869,3.387704,-0.146021,-0.001795,0.013509,-3.028777,102.120000
0.798534,3.385655,-0.147164,-0.001795,0.013501,-3.028964,102.217000
0.806821,3.383682,-0.148282,-0.001807,0.013504,-3.028796,102.321000
0.814586,3.381808,-0.149405,-0.001801,0.013498,-3.028793,102.419000
0.821965,3.377674,-0.150523,-0.001781,0.013490,-3.026747,102.516000
0.831629,3.376305,-0.151653,-0.001828,0.013512,-3.025889,102.619000
0.840475,3.375295,-0.152770,-0.001839,0.013501,-3.025991,102.716000
0.848985,3.374119,-0.153853,-0.001836,0.013529,-3.025830,102.818000
0.856669,3.372999,-0.154942,-0.001877,0.013508,-3.025918,102.917000
0.863994,3.372037,-0.156041,-0.001890,0.013476,-3.025898,103.018000
0.870585,3.371367,-0.157142,-0.001917,0.013483,-3.025901,103.118000
0.877256,3.370586,-0.158221,-0.001893,0.013464,-3.025539,103.217000
0.883521,3.370465,-0.159312,-0.001909,0.013449,-3.025596,103.320000
0.889074,3.370533,-0.160394,-0.001922,0.013453,-3.025587,103.419000
0.893954,3.370204,-0.161447,-0.001930,0.013445,-3.025527,103.520000
0.898879,3.370520,-0.162546,-0.001995,0.013433,-3.025539,103.617000
0.896602,3.369385,-0.163803,-0.002073,0.013450,-3.026832,103.716000
0.894503,3.368117,-0.165025,-0.002086,0.013420,-3.026745,103.819000
0.892665,3.367225,-0.166310,-0.002135,0.013415,-3.027146,103.918000
0.890712,3.364669,-0.167611,-0.002154,0.013406,-3.024605,104.017000
0.888822,3.362586,-0.168942,-0.002204,0.013425,-3.024541,104.118000
0.886898,3.360326,-0.170268,-0.002194,0.013415,-3.024655,104.217000
0.885657,3.358017,-0.171541,-0.002184,0.013434,-3.024405,104.318000
0.884817,3.355943,-0.172839,-0.002245,0.013432,-3.024355,104.420000
0.887951,3.365800,-0.174010,-0.002323,0.013420,-3.029941,104.519000
0.896946,3.365075,-0.175172,-0.002363,0.013435,-3.028821,104.618000
0.905846,3.365198,-0.176392,-0.002429,0.013406,-3.028754,104.721000
0.913213,3.369087,-0.177628,-0.002450,0.013398,-3.028040,104.821000
0.919878,3.372897,-0.178833,-0.002483,0.013421,-3.028116,104.919000
0.926029,3.376301,-0.180078,-0.002520,0.013402,-3.028107,105.017000
0.931881,3.379370,-0.181309,-0.002542,0.013411,-3.028229,105.117000
0.937754,3.381825,-0.182496,-0.002553,0.013379,-3.028119,105.218000
0.943133,3.384119,-0.183671,-0.002578,0.013347,-3.028479,105.319000
0.947688,3.386621,-0.184881,-0.002642,0.013341,-3.028390,105.418000
0.950241,3.376182,-0.186154,-0.002589,0.013333,-3.023525,105.517000
0.953827,3.369742,-0.187357,-0.002563,0.013342,-3.023259,105.619000
0.948345,3.359895,-0.188736,-0.002576,0.013322,-3.019598,105.721000
0.941543,3.365015,-0.190018,-0.002599,0.013293,-3.024431,105.822000
0.938982,3.365732,-0.191312,-0.002664,0.013292,-3.023791,105.918000
0.939098,3.352037,-0.192639,-0.002652,0.013325,-3.019429,106.017000
0.946931,3.352706,-0.193745,-0.002677,0.013317,-3.020073,106.122000
0.954831,3.353383,-0.194864,-0.002731,0.013319,-3.019920,106.222000
0.961794,3.354313,-0.195968,-0.002779,0.013327,-3.019992,106.321000
0.967991,3.352004,-0.197106,-0.002789,0.013333,-3.019269,106.421000
0.974337,3.350437,-0.198227,-0.002781,0.013320,-3.019179,106.521000
0.973719,3.337968,-0.199457,-0.002706,0.013338,-3.013973,106.621000
0.980011,3.335626,-0.200583,-0.002727,0.013323,-3.014135,106.720000
0.985532,3.333665,-0.201728,-0.002754,0.013300,-3.014111,106.822000
1.018209,3.341990,-0.202482,-0.002801,0.013265,-3.017637,106.918000
1.014389,3.343489,-0.203730,-0.002862,0.013264,-3.019393,107.019000
1.010661,3.345051,-0.204963,-0.002881,0.013265,-3.019418,107.121000
1.007482,3.346532,-0.206170,-0.002950,0.013257,-3.019498,107.220000
1.007560,3.333831,-0.207354,-0.002909,0.013279,-3.016153,107.320000
0.999784,3.328366,-0.208630,-0.002880,0.013257,-3.016670,107.416000
0.992759,3.323428,-0.209900,-0.002896,0.013264,-3.016381,107.518000
0.986067,3.319269,-0.210923,-0.002719,0.013288,-3.016459,107.620000
1.011377,3.328803,-0.211534,-0.002821,0.013234,-3.020128,107.719000
1.002421,3.332020,-0.212662,-0.002903,0.013244,-3.021685,107.820000
0.997973,3.330396,-0.213758,-0.002933,0.013236,-3.021006,107.916000
0.993692,3.329346,-0.214862,-0.002982,0.013231,-3.021176,108.018000
0.990354,3.317457,-0.215967,-0.002907,0.013226,-3.015706,108.117000
0.990998,3.317390,-0.216979,-0.002892,0.013249,-3.015019,108.219000
0.991090,3.317204,-0.217983,-0.002869,0.013231,-3.015165,108.321000
0.990936,3.317616,-0.218986,-0.002915,0.013221,-3.015522,108.416000
0.990788,3.317669,-0.220041,-0.002975,0.013218,-3.015548,108.518000
0.989355,3.314186,-0.221167,-0.003030,0.013212,-3.015611,108.620000
0.989136,3.312333,-0.222240,-0.002996,0.013210,-3.015378,108.721000
0.988821,3.315478,-0.223304,-0.003018,0.013183,-3.016346,108.818000
0.988902,3.318265,-0.224376,-0.003058,0.013151,-3.016299,108.916000
0.987060,3.318435,-0.225486,-0.003095,0.013122,-3.016965,109.018000
0.985097,3.317761,-0.226619,-0.003144,0.013113,-3.017847,109.119000
0.983259,3.317039,-0.227715,-0.003124,0.013118,-3.017595,109.217000
0.981935,3.316126,-0.228837,-0.003136,0.013109,-3.016801,109.316000
0.980918,3.315105,-0.229968,-0.003169,0.013083,-3.016859,109.417000
0.979092,3.314138,-0.231131,-0.003213,0.013080,-3.017169,109.516000
0.977518,3.313823,-0.232270,-0.003239,0.013088,-3.016502,109.619000
0.976334,3.313184,-0.233396,-0.003240,0.013085,-3.016282,109.718000
0.974827,3.313172,-0.234517,-0.003257,0.013099,-3.016404,109.818000
0.973509,3.312848,-0.235634,-0.003289,0.013090,-3.016960,109.918000
0.971291,3.303293,-0.236839,-0.003266,0.013088,-3.011492,110.021000
0.969464,3.294631,-0.238027,-0.003254,0.013082,-3.011509,110.116000
0.967838,3.288992,-0.239160,-0.003225,0.013066,-3.011714,110.219000
0.965803,3.285375,-0.240312,-0.003233,0.013090,-3.011829,110.317000
0.964291,3.280699,-0.241464,-0.003215,0.013114,-3.009826,110.422000
0.962439,3.276635,-0.242694,-0.003263,0.013081,-3.009888,110.520000
0.960786,3.273183,-0.243927,-0.003284,0.013066,-3.009799,110.621000
0.960011,3.268318,-0.245208,-0.003233,0.013096,-3.007491,110.717000
0.959162,3.264089,-0.246439,-0.003231,0.013110,-3.007488,110.820000
0.958465,3.253662,-0.247744,-0.003211,0.013099,-3.003766,110.919000
0.958805,3.246121,-0.249024,-0.003195,0.013069,-3.003750,111.016000
0.954793,3.241179,-0.250327,-0.003161,0.013057,-3.002172,111.117000
0.956310,3.240294,-0.251474,-0.003128,0.013071,-3.001757,111.220000
0.957851,3.239936,-0.252623,-0.003145,0.013084,-3.001449,111.320000
0.954702,3.236473,-0.253846,-0.003159,0.013072,-3.000493,111.416000
0.951864,3.232024,-0.255087,-0.003188,0.013086,-2.998287,111.519000
0.949105,3.228032,-0.256298,-0.003184,0.013088,-2.998292,111.616000
0.946577,3.224619,-0.257540,-0.003230,0.013092,-2.998207,111.723000
0.941438,3.222816,-0.258795,-0.003235,0.013093,-2.998481,111.821000
0.951695,3.234896,-0.259949,-0.003465,0.013080,-3.003644,111.920000
0.963018,3.240498,-0.261035,-0.003444,0.013134,-3.002860,112.017000
0.974101,3.245608,-0.262100,-0.003444,0.013138,-3.002863,112.119000
0.966152,3.247122,-0.263542,-0.003650,0.013095,-3.004393,112.220000
0.959006,3.248414,-0.264936,-0.003659,0.013114,-3.004402,112.321000
0.952621,3.249472,-0.266300,-0.003675,0.013102,-3.004364,112.417000
0.947123,3.250852,-0.267631,-0.003697,0.013094,-3.004200,112.517000
0.942411,3.243409,-0.268995,-0.003707,0.013091,-3.002264,112.620000
0.936111,3.242157,-0.270347,-0.003714,0.013075,-3.002754,112.719000
0.923193,3.245293,-0.271781,-0.003799,0.013056,-3.004522,112.817000
0.928066,3.238847,-0.273043,-0.003805,0.013081,-3.002169,112.919000
0.929154,3.235949,-0.274319,-0.003789,0.013085,-3.002509,113.017000
0.930032,3.233635,-0.275628,-0.003860,0.013087,-3.002382,113.117000
0.930590,3.231786,-0.276909,-0.003847,0.013094,-3.002403,113.217000
0.930421,3.230393,-0.278209,-0.003826,0.013080,-3.002506,113.316000
0.930251,3.229100,-0.279335,-0.003715,0.013078,-3.002511,113.417000
0.930523,3.228599,-0.280437,-0.003712,0.013062,-3.002595,113.520000
0.930416,3.228112,-0.281574,-0.003760,0.013071,-3.002666,113.618000
0.930006,3.228049,-0.282731,-0.003771,0.013075,-3.002734,113.716000
0.929875,3.228294,-0.283855,-0.003766,0.013094,-3.001220,113.818000
0.929638,3.228283,-0.284993,-0.003801,0.013099,-3.001303,113.918000
0.932456,3.221926,-0.286180,-0.003809,0.013123,-2.997256,114.017000
0.929330,3.222863,-0.287359,-0.003797,0.013106,-2.998587,114.117000
0.925694,3.223365,-0.288575,-0.003863,0.013086,-2.998659,114.216000
0.922501,3.224043,-0.289756,-0.003878,0.013115,-2.998689,114.322000
0.917784,3.227572,-0.291147,-0.002463,0.015574,-3.016028,114.419000
0.897790,3.219200,-0.292745,-0.003263,0.014917,-3.012587,114.516000
0.880443,3.189097,-0.294251,-0.000724,0.016319,-2.999851,114.618000
0.845978,3.196857,-0.296030,-0.005922,0.015811,-3.004287,114.717000
0.812299,3.181442,-0.295753,-0.004563,0.013694,-3.000684,114.817000
0.761597,3.187472,-0.296339,-0.005621,0.014755,-2.997090,114.918000
0.718058,3.178971,-0.297648,-0.006413,0.016950,-2.997063,115.019000
0.673762,3.170957,-0.298529,-0.003320,0.017117,-2.997292,115.118000
0.669728,3.170620,-0.299107,-0.004720,0.020452,-2.994764,115.219000
0.631776,3.173514,-0.299866,-0.008569,0.019280,-3.003257,115.321000
0.592417,3.161530,-0.300064,-0.006106,0.018689,-3.001605,115.418000
0.563413,3.165838,-0.298963,-0.007752,0.017458,-3.003137,115.519000
0.530246,3.155487,-0.297935,-0.009915,0.013068,-2.999462,115.621000
0.478426,3.156556,-0.297453,-0.011052,0.018212,-2.999794,115.717000
0.431508,3.135255,-0.296903,-0.010038,0.019015,-3.004591,115.820000
0.385374,3.115925,-0.296343,-0.010139,0.018421,-3.003651,115.919000
0.341235,3.095397,-0.294875,-0.007711,0.017928,-3.006742,116.017000
0.316689,3.071851,-0.293781,-0.010932,0.018606,-2.970215,116.119000
0.293002,3.047956,-0.292042,-0.007737,0.018592,-2.906223,116.220000
0.269043,3.046069,-0.290758,-0.009146,0.020233,-2.859472,116.316000
0.244940,3.042671,-0.290068,-0.012550,0.022482,-2.824060,116.420000
0.220351,3.038810,-0.288975,-0.014875,0.019903,-2.802087,116.518000
0.196047,3.034563,-0.291855,-0.021921,0.021575,-2.789667,116.618000
0.171294,3.014932,-0.293125,-0.019662,0.023098,-2.775207,116.716000
0.147558,3.014600,-0.293799,-0.021866,0.020958,-2.766931,116.820000
0.122030,3.016091,-0.294446,-0.023828,0.019998,-2.805403,116.920000
0.086246,3.008207,-0.294986,-0.022474,0.020964,-2.815701,117.019000
0.066564,3.008548,-0.295366,-0.022703,0.024806,-2.859398,117.116000
0.038704,2.993478,-0.296729,-0.025320,0.024606,-2.882392,117.217000
0.014448,3.002108,-0.297142,-0.026736,0.023947,-2.883102,117.318000
-0.020102,3.000357,-0.297432,-0.025321,0.025391,-2.895766,117.420000
-0.050347,2.987281,-0.301577,-0.030944,0.021349,-2.899405,117.519000
-0.101699,2.982752,-0.305511,-0.029849,0.017298,-2.903388,117.618000
-0.161171,2.986139,-0.309150,-0.027910,0.019484,-2.898144,117.717000
-0.218273,2.978950,-0.311038,-0.023449,0.019938,-2.893373,117.817000
-0.278590,2.980622,-0.312747,-0.023377,0.020365,-2.890443,117.918000
-0.360001,2.983966,-0.314478,-0.023814,0.018087,-2.874630,118.019000
-0.454050,2.978180,-0.316035,-0.024007,0.017084,-2.875330,118.119000
-0.549963,2.972986,-0.317713,-0.023492,0.018004,-2.873025,118.217000
-0.659025,2.972914,-0.320797,-0.028285,0.014970,-2.863796,118.317000
-0.767571,2.973388,-0.324058,-0.027576,0.015042,-2.861541,118.420000
-0.864416,2.969471,-0.327523,-0.029760,0.017584,-2.849115,118.521000
-0.969294,2.978163,-0.329893,-0.025643,0.017270,-2.847177,118.616000
-1.031161,2.956130,-0.332287,-0.019249,0.017483,-2.834883,118.717000
-1.122921,2.961094,-0.334363,-0.019506,0.017813,-2.824871,118.817000
-1.215828,2.951427,-0.336523,-0.019248,0.016421,-2.821460,118.917000
-1.312260,2.935587,-0.338997,-0.019080,0.017917,-2.816384,119.016000
-1.409896,2.920805,-0.341445,-0.021833,0.018277,-2.815658,119.117000
-1.505270,2.899417,-0.344414,-0.016215,0.019228,-2.812289,119.219000
-1.585485,2.888764,-0.388325,-0.045898,0.013609,-2.808162,119.321000
-1.653806,2.878648,-0.386117,-0.034410,0.016641,-2.808403,119.418000
-1.716419,2.858798,-0.384059,-0.037269,0.021048,-2.809495,119.519000
-1.784432,2.850199,-0.382056,-0.040304,0.023797,-2.800136,119.617000
-1.848104,2.828994,-0.374511,-0.038697,0.029114,-2.806622,119.717000
-1.954092,2.811084,-0.492742,-0.117453,-0.066257,-2.792985,119.818000
-2.057332,2.817443,-0.609046,-0.120539,-0.064841,-2.781268,119.917000
-2.164002,2.809774,-0.726087,-0.119376,-0.066649,-2.778603,120.021000
-2.273744,2.795175,-0.843505,-0.118038,-0.065904,-2.778326,120.117000
-2.368600,2.768122,-0.793840,-0.105959,-0.076204,-2.773216,120.216000
-2.474937,2.742414,-0.742139,-0.112852,-0.080279,-2.765078,120.317000
-2.590177,2.715367,-0.713274,-0.122610,-0.072787,-2.755074,120.418000
-2.709093,2.682659,-0.689114,-0.117768,-0.069576,-2.743887,120.520000
-2.834383,2.631889,-0.665174,-0.115803,-0.072766,-2.735142,120.617000
-2.977182,2.611089,-0.731916,-0.157207,-0.093813,-2.724044,120.720000
-3.110342,2.569418,-0.677843,-0.118804,-0.061526,-2.735748,120.816000
-3.242785,2.538912,-0.673381,-0.135138,-0.090262,-2.734207,120.916000
-3.376512,2.508460,-0.676478,-0.133137,-0.096247,-2.732660,121.018000
-3.459263,2.468964,-0.608018,-0.098147,-0.066254,-2.735146,121.117000
-3.575618,2.391913,-0.638003,-0.129976,-0.103119,-2.656623,121.217000
-3.670043,2.301982,-0.572812,-0.092233,-0.048706,-2.576048,121.318000
-3.808407,2.215490,-0.600717,-0.129386,-0.079395,-2.506946,121.418000
-3.892467,2.221964,-0.568193,-0.124538,-0.036669,-2.460340,121.517000
-3.995610,2.107454,-0.542504,-0.119858,-0.038105,-2.431712,121.617000
-4.121378,2.035999,-0.524974,-0.127720,-0.044568,-2.413517,121.718000
-4.160474,1.890128,-0.523032,-0.127892,-0.039638,-2.361413,121.817000
-4.246689,1.797670,-0.512747,-0.137554,-0.028754,-2.276929,121.918000
-4.276206,1.684084,-0.510260,-0.128483,-0.005366,-2.149485,122.022000
-4.339123,1.589101,-0.503468,-0.124845,0.004080,-2.061266,122.119000
-4.422675,1.484699,-0.494841,-0.113731,0.011596,-2.021452,122.221000
-4.435915,1.349919,-0.495008,-0.108782,0.016626,-1.977522,122.317000
-4.510176,1.247611,-0.487989,-0.106651,0.016929,-1.971177,122.420000
-4.574890,1.123898,-0.484660,-0.107474,0.022485,-1.969966,122.517000
-4.623787,1.013551,-0.482522,-0.112221,0.018754,-1.962559,122.619000
-4.683067,0.897379,-0.480264,-0.116053,0.021776,-1.958550,122.721000
-4.717660,0.774467,-0.481071,-0.117454,0.022376,-1.959136,122.817000
-4.749155,0.650893,-0.482842,-0.122164,0.027836,-1.929361,122.917000
-4.766988,0.530344,-0.486356,-0.119253,0.038554,-1.850948,123.017000
-4.769513,0.413504,-0.491563,-0.113926,0.053430,-1.729076,123.117000
-4.766040,0.276861,-0.499061,-0.103976,0.066019,-1.626935,123.219000
-4.742777,0.154158,-0.507754,-0.089537,0.080335,-1.498565,123.317000
-4.710590,0.029078,-0.517518,-0.068473,0.093574,-1.356280,123.417000
-4.661040,-0.079728,-0.527892,-0.057496,0.101040,-1.216579,123.517000
-4.611125,-0.180691,-0.538495,-0.051739,0.108901,-1.082690,123.620000
-4.534954,-0.270111,-0.550705,-0.038270,0.113328,-0.933917,123.721000
-4.478057,-0.379669,-0.562361,-0.023264,0.115874,-0.810108,123.819000
-4.445405,-0.453364,-0.570832,-0.023813,0.116763,-0.740807,123.921000
-4.330853,-0.513102,-0.585187,-0.004659,0.114009,-0.684920,124.017000
-4.252409,-0.613375,-0.599641,-0.006572,0.118775,-0.656678,124.118000
-4.131791,-0.654886,-0.613591,0.008980,0.118939,-0.556874,124.220000
-4.034566,-0.703714,-0.626241,0.026262,0.124280,-0.448420,124.317000
-3.928066,-0.741538,-0.639077,0.045664,0.121520,-0.335842,124.417000
-3.843399,-0.794849,-0.650924,0.054184,0.114560,-0.227876,124.521000
-3.715454,-0.782114,-0.661596,0.061065,0.109125,-0.132535,124.617000
-3.592860,-0.815838,-0.674915,0.066118,0.101963,-0.079693,124.717000
-3.463724,-0.824473,-0.686936,0.065529,0.100261,-0.035728,124.816000
-3.331110,-0.848449,-0.699967,0.063797,0.094340,-0.013363,124.917000
-3.218721,-0.848138,-0.709314,0.063337,0.090560,0.008162,125.018000
-3.103945,-0.851996,-0.718256,0.064882,0.087826,0.002284,125.118000
-2.971899,-0.844876,-0.727431,0.070755,0.083252,0.012468,125.222000
-2.840629,-0.839155,-0.736815,0.070131,0.079639,0.015156,125.317000
-2.689873,-0.828743,-0.748214,0.079314,0.088135,0.023569,125.421000
-2.575473,-0.827279,-0.757678,0.076959,0.088202,0.018439,125.516000
-2.452699,-0.819202,-0.767639,0.078755,0.090994,0.019450,125.618000
-2.321319,-0.818855,-0.779990,0.072314,0.092563,0.020580,125.719000
-2.190307,-0.818892,-0.792924,0.074870,0.098227,0.019724,125.818000
-2.056289,-0.829621,-0.806566,0.072048,0.094676,0.022424,125.919000
-1.921089,-0.836439,-0.819550,0.076899,0.092540,0.022039,126.021000
-1.793399,-0.843073,-0.831789,0.074365,0.090243,0.020684,126.116000
-1.670004,-0.847636,-0.843472,0.077961,0.094013,0.027063,126.218000
-1.544986,-0.849624,-0.855485,0.078579,0.092348,0.026592,126.317000
-1.395328,-0.855943,-0.870228,0.076052,0.092890,0.019931,126.417000
-1.250221,-0.864643,-0.883803,0.077633,0.087427,0.016523,126.521000
-1.105404,-0.873555,-0.896830,0.080414,0.087719,0.014908,126.616000
-0.961335,-0.876329,-0.909694,0.078319,0.087971,0.017127,126.718000
-0.851799,-0.877122,-0.919506,0.080257,0.090055,0.017002,126.817000
-0.720925,-0.916456,-0.935228,0.074273,0.100037,-0.054506,126.916000
-0.584518,-0.956371,-0.951362,0.066255,0.100966,-0.155660,127.017000
-0.453940,-1.011929,-0.969503,0.048893,0.108283,-0.281882,127.118000
-0.339469,-1.059481,-0.985213,0.035286,0.111811,-0.395031,127.218000
-0.235821,-1.136843,-1.003000,0.012741,0.119585,-0.525567,127.319000
-0.135598,-1.158941,-1.015757,0.007824,0.120439,-0.592011,127.419000
-0.027683,-1.291226,-1.037363,-0.003669,0.119935,-0.658605,127.521000
0.086937,-1.338240,-1.050552,-0.004040,0.123564,-0.683153,127.619000
0.164874,-1.426069,-1.063456,-0.009025,0.128691,-0.711105,127.719000
0.265883,-1.562582,-1.083103,-0.024936,0.130595,-0.793000,127.823000
0.337286,-1.706891,-1.101730,-0.030735,0.134744,-0.872661,127.921000
0.462516,-1.861145,-1.127223,-0.036738,0.134228,-0.904161,128.020000
0.531907,-1.979791,-1.143324,-0.037231,0.134114,-0.932767,128.122000
0.599163,-2.077104,-1.157409,-0.039357,0.133056,-0.947600,128.218000
0.676481,-2.181287,-1.173304,-0.043995,0.134560,-0.960248,128.321000
0.728919,-2.265718,-1.184301,-0.043640,0.131329,-0.957369,128.423000
0.753427,-2.407902,-1.197211,-0.042631,0.136053,-0.951464,128.522000
0.852586,-2.493516,-1.214407,-0.044340,0.136810,-0.951634,128.618000
0.922443,-2.588082,-1.229253,-0.048220,0.133671,-0.954375,128.718000
0.992252,-2.683572,-1.244251,-0.051760,0.134900,-0.954371,128.819000
1.063015,-2.779419,-1.259307,-0.055820,0.133280,-0.952355,128.918000
1.112599,-2.892375,-1.272561,-0.071277,0.122947,-1.018716,129.017000
1.152163,-3.011239,-1.284928,-0.078568,0.116156,-1.114430,129.122000
1.211609,-3.118795,-1.299354,-0.086156,0.114071,-1.176058,129.218000
1.261150,-3.223092,-1.311798,-0.095587,0.107237,-1.215791,129.320000
1.282956,-3.293056,-1.318068,-0.093408,0.100549,-1.249277,129.421000
1.322296,-3.385596,-1.328513,-0.096535,0.099416,-1.253013,129.519000
1.346922,-3.516290,-1.339671,-0.095203,0.100073,-1.263266,129.619000
1.398966,-3.671260,-1.356630,-0.093682,0.099157,-1.264573,129.721000
1.427907,-3.778910,-1.366203,-0.094272,0.096401,-1.271118,129.819000
1.462807,-3.879564,-1.376138,-0.089177,0.097539,-1.271221,129.923000
1.483779,-3.975049,-1.383716,-0.090265,0.096518,-1.273606,130.021000
1.505292,-4.070610,-1.391268,-0.087519,0.095254,-1.278653,130.120000
1.531625,-4.161109,-1.399366,-0.087424,0.099311,-1.282326,130.222000
1.554795,-4.250638,-1.406021,-0.082770,0.090491,-1.289122,130.321000
1.598747,-4.327208,-1.415092,-0.085199,0.094228,-1.278760,130.422000
1.609486,-4.412116,-1.421032,-0.081758,0.091834,-1.285224,130.519000
1.636423,-4.498852,-1.428956,-0.087705,0.089999,-1.290223,130.622000
1.662720,-4.585718,-1.437040,-0.088883,0.088919,-1.288358,130.720000
1.677683,-4.667801,-1.444491,-0.086296,0.096992,-1.293018,130.823000
1.691642,-4.748169,-1.451404,-0.090778,0.093313,-1.293840,130.920000
1.719361,-4.825310,-1.459596,-0.086135,0.091933,-1.292206,131.022000
1.738796,-4.965307,-1.469608,-0.090209,0.081432,-1.314345,131.120000
1.725201,-5.083592,-1.470564,-0.096027,0.080016,-1.382574,131.220000
1.711159,-5.219195,-1.472754,-0.103620,0.068537,-1.477796,131.318000
1.669073,-5.354490,-1.471948,-0.116683,0.053443,-1.611740,131.421000
1.678267,-5.410601,-1.472074,-0.113030,0.042333,-1.711509,131.518000
1.630125,-5.525738,-1.470706,-0.115459,0.030737,-1.852043,131.620000
1.569392,-5.635477,-1.476281,-0.128085,0.006966,-2.004763,131.721000
1.513603,-5.703537,-1.473642,-0.125404,-0.000722,-2.144132,131.820000
1.453496,-5.800467,-1.473875,-0.129722,-0.010317,-2.266784,131.919000
1.372764,-5.884106,-1.470771,-0.125136,-0.026944,-2.402696,132.023000
1.286115,-5.963161,-1.467362,-0.123100,-0.035470,-2.504263,132.121000
1.189057,-6.059455,-1.464150,-0.127189,-0.045739,-2.565437,132.223000
1.088451,-6.153216,-1.455919,-0.122245,-0.050410,-2.610245,132.319000
0.969632,-6.222008,-1.444518,-0.119846,-0.053102,-2.647882,132.420000
0.908245,-6.301606,-1.440296,-0.111979,-0.051835,-2.656495,132.522000
0.788591,-6.339705,-1.428005,-0.113141,-0.050747,-2.670183,132.618000
0.706406,-6.406232,-1.421803,-0.112006,-0.051432,-2.671892,132.718000
0.589207,-6.435583,-1.408987,-0.120112,-0.052795,-2.685021,132.820000
0.475087,-6.503755,-1.400300,-0.116558,-0.052985,-2.684506,132.918000
0.376760,-6.559348,-1.393262,-0.117859,-0.047822,-2.688104,133.020000
0.279506,-6.600292,-1.384862,-0.113162,-0.052473,-2.699014,133.121000
0.189672,-6.646685,-1.378191,-0.115946,-0.050990,-2.700057,133.220000
0.117467,-6.690424,-1.372681,-0.114463,-0.048097,-2.701152,133.317000
0.045068,-6.735111,-1.367481,-0.117310,-0.048399,-2.704686,133.420000
-0.025432,-6.779376,-1.362296,-0.114342,-0.052835,-2.709430,133.522000
-0.088176,-6.817537,-1.357520,-0.117346,-0.056509,-2.714939,133.619000
-0.150777,-6.858953,-1.354371,-0.119685,-0.055430,-2.717552,133.719000
-0.211960,-6.902001,-1.351275,-0.124038,-0.056435,-2.717680,133.818000
-0.275387,-6.940318,-1.348082,-0.126572,-0.061763,-2.716688,133.922000
-0.423729,-6.991760,-1.336477,-0.122312,-0.062271,-2.723917,134.017000
-0.559346,-7.060174,-1.329070,-0.127176,-0.059485,-2.720972,134.118000
-0.689018,-7.119896,-1.321808,-0.125132,-0.056835,-2.721550,134.221000
-0.806635,-7.146127,-1.313203,-0.129164,-0.056015,-2.738475,134.320000
-0.919813,-7.164306,-1.296630,-0.121205,-0.059217,-2.802573,134.418000
-0.959673,-7.171634,-1.286091,-0.109359,-0.070582,-2.918820,134.520000
-1.013029,-7.167902,-1.273824,-0.100774,-0.078663,-3.008184,134.619000
-1.145429,-7.171510,-1.257096,-0.090765,-0.091778,3.132993,134.718000
-1.299058,-7.120264,-1.233252,-0.073510,-0.102941,3.007511,134.821000
-1.445739,-7.128461,-1.215611,-0.065208,-0.108171,2.926157,134.917000
-1.658281,-7.065574,-1.184741,-0.044051,-0.123454,2.749509,135.018000
-1.634084,-7.011037,-1.171194,-0.045530,-0.127550,2.624438,135.119000
-1.849696,-6.936896,-1.135570,-0.033980,-0.127965,2.494370,135.218000
-1.745787,-6.874224,-1.128432,-0.022557,-0.129950,2.416442,135.318000
-1.824206,-6.762856,-1.098018,0.001310,-0.132957,2.293341,135.421000
-1.897341,-6.653977,-1.069847,0.026093,-0.133149,2.187021,135.519000
-1.961030,-6.539354,-1.042379,0.029766,-0.132853,2.112685,135.621000
-2.036780,-6.450750,-1.016644,0.037002,-0.128608,2.071132,135.717000
-2.120550,-6.365666,-0.991325,0.042966,-0.127269,2.033413,135.818000
-2.194703,-6.208187,-0.961487,0.040634,-0.129632,2.022245,135.920000
-2.235211,-6.137015,-0.944314,0.047755,-0.127221,1.996243,136.021000
-2.335275,-5.994202,-0.914744,0.050816,-0.128314,2.007405,136.120000
-2.383869,-5.900380,-0.941481,0.089418,-0.137544,2.056965,136.218000
-2.422973,-5.762021,-0.860796,0.003835,-0.148739,2.119375,136.318000
-2.474635,-5.674988,-0.842543,0.025419,-0.118247,2.134073,136.418000
-2.552116,-5.577734,-0.817926,0.014457,-0.119228,2.147662,136.519000
-2.618834,-5.484024,-0.802050,0.017258,-0.113552,2.152842,136.621000
-2.682396,-5.400073,-0.787145,0.011368,-0.112005,2.155042,136.722000
-2.749466,-5.316864,-0.772178,0.007801,-0.114062,2.154717,136.817000
-2.811895,-5.240039,-0.758985,0.002934,-0.112968,2.155870,136.919000
-2.878302,-5.177065,-0.747130,0.001749,-0.111777,2.149215,137.020000
-2.947645,-5.120081,-0.739828,0.001472,-0.119725,2.151815,137.117000
-2.990406,-4.997118,-0.727743,0.001238,-0.117960,2.120525,137.217000
-3.026012,-4.876719,-0.714147,0.014838,-0.118489,2.051709,137.317000
-3.046226,-4.754005,-0.696195,0.034946,-0.108730,1.931324,137.420000
-3.100424,-4.666950,-0.681810,0.053938,-0.106248,1.818974,137.517000
-3.099838,-4.527226,-0.670179,0.058942,-0.099512,1.684003,137.617000
-3.114963,-4.395566,-0.658383,0.060489,-0.093953,1.564756,137.717000
-3.098969,-4.247631,-0.646494,0.056343,-0.092190,1.520631,137.821000
-3.064158,-4.138436,-0.639258,0.065940,-0.084638,1.433325,137.919000
-3.046677,-4.015853,-0.628371,0.065841,-0.078864,1.397767,138.017000
-3.025875,-3.893902,-0.617373,0.073231,-0.079559,1.371585,138.118000
-2.983699,-3.716195,-0.603363,0.076517,-0.071364,1.327420,138.221000
-2.890974,-3.630868,-0.600723,0.086954,-0.060771,1.231183,138.317000
-2.831542,-3.494492,-0.590014,0.106364,-0.047278,1.111918,138.420000
-2.777000,-3.418982,-0.585435,0.112993,-0.031582,1.001639,138.520000
-2.746287,-3.359759,-0.580928,0.113010,-0.013861,0.864584,138.620000
-2.687334,-3.283687,-0.577411,0.108309,-0.000881,0.754170,138.718000
-2.603518,-3.226176,-0.577507,0.108446,0.014201,0.651599,138.817000
-2.511916,-3.150864,-0.577609,0.102123,0.021026,0.590868,138.918000
-2.424835,-3.082426,-0.578408,0.101904,0.031677,0.559882,139.020000
-2.291331,-3.034210,-0.584303,0.097405,0.034170,0.538695,139.120000
-2.237803,-2.983420,-0.583050,0.091380,0.024790,0.522007,139.217000
-2.149812,-2.926267,-0.584867,0.086106,0.029837,0.491711,139.318000
-2.023530,-2.854826,-0.588706,0.084200,0.027955,0.499887,139.420000
-1.899082,-2.824621,-0.593479,0.081407,0.033647,0.477904,139.522000
-1.819460,-2.746064,-0.592230,0.084036,0.034804,0.492693,139.619000
-1.731838,-2.698122,-0.593306,0.086357,0.030849,0.482363,139.719000
-1.659709,-2.639519,-0.596170,0.085763,0.035112,0.490656,139.817000
-1.583455,-2.602598,-0.600926,0.081702,0.033742,0.476214,139.918000
-1.513696,-2.536397,-0.604091,0.078318,0.031490,0.487738,140.018000
-1.427169,-2.494754,-0.609515,0.077521,0.031873,0.483025,140.121000
-1.346470,-2.450758,-0.614653,0.078509,0.034067,0.480598,140.217000
-1.268883,-2.398769,-0.619183,0.078667,0.032417,0.481123,140.318000
-1.190566,-2.350703,-0.623702,0.077158,0.029305,0.482292,140.420000
-1.102970,-2.294174,-0.628015,0.080580,0.028466,0.485826,140.520000
-1.015771,-2.236912,-0.631944,0.077624,0.020710,0.487125,140.621000
-0.921009,-2.192119,-0.633579,0.078492,0.022059,0.491898,140.721000
-0.827453,-2.139125,-0.635190,0.075404,0.023788,0.492949,140.822000
-0.734423,-2.086460,-0.637451,0.071719,0.023579,0.493966,140.917000
-0.638965,-2.035242,-0.635163,0.079544,0.025187,0.498488,141.018000
-0.543203,-1.983840,-0.637882,0.074635,0.023993,0.499418,141.119000
-0.430882,-1.912449,-0.638784,0.075007,0.024705,0.497061,141.220000
-0.303915,-1.891888,-0.642111,0.074266,0.029077,0.490580,141.320000
-0.179329,-1.831193,-0.642260,0.077400,0.024732,0.489302,141.422000
-0.091898,-1.769952,-0.640281,0.081594,0.021347,0.534064,141.521000
0.018842,-1.660521,-0.637336,0.083806,0.010984,0.628814,141.622000
0.139132,-1.581474,-0.635272,0.086934,0.003597,0.739109,141.722000
0.200897,-1.505401,-0.630299,0.088060,-0.004948,0.847504,141.818000
0.260818,-1.379310,-0.622844,0.091026,-0.011990,0.990020,141.918000
0.340675,-1.277877,-0.618735,0.087150,-0.023823,1.105689,142.020000
0.355630,-1.117714,-0.606601,0.085065,-0.028663,1.197876,142.117000
0.420285,-0.943233,-0.598485,0.085149,-0.026928,1.264636,142.217000
0.479579,-0.827624,-0.593000,0.080208,-0.022934,1.234189,142.317000
0.507583,-0.723349,-0.586888,0.080394,-0.011039,1.180208,142.417000
0.543257,-0.665224,-0.583739,0.082491,0.002955,1.083749,142.521000
0.591582,-0.555111,-0.580536,0.086623,0.016054,0.993417,142.617000
0.695916,-0.458117,-0.582413,0.082517,0.026259,0.866991,142.720000
0.783102,-0.390077,-0.584028,0.077827,0.035942,0.735445,142.823000
0.881824,-0.326733,-0.587435,0.066313,0.044225,0.602277,142.921000
0.981245,-0.253115,-0.591857,0.057567,0.047581,0.496355,143.018000
1.094701,-0.180709,-0.597601,0.056252,0.051460,0.433881,143.119000
1.229338,-0.097634,-0.604421,0.053595,0.054123,0.402399,143.218000
1.372688,-0.012263,-0.611711,0.050652,0.054280,0.384172,143.317000
1.489495,0.041781,-0.618329,0.057865,0.054216,0.385694,143.418000
1.613364,0.089524,-0.625476,0.058652,0.053745,0.381094,143.519000
1.881329,0.193992,-0.640660,0.060391,0.050841,0.399038,143.620000
2.127004,0.264227,-0.645183,0.056802,0.062789,0.376799,143.721000
2.227365,0.331915,-0.665382,0.065737,0.040754,0.373246,143.821000
2.301931,0.368350,-0.681965,0.071078,0.036922,0.376053,143.920000
2.390733,0.406242,-0.698283,0.064942,0.035628,0.366105,144.021000
2.475452,0.442599,-0.712593,0.064927,0.038170,0.371211,144.117000
2.554975,0.477449,-0.726346,0.062373,0.040010,0.378424,144.218000
2.610027,0.490067,-0.738914,0.063796,0.037138,0.377904,144.318000
2.653134,0.508914,-0.750239,0.060867,0.036509,0.385893,144.419000
2.657606,0.501415,-0.759751,0.060753,0.036231,0.386281,144.518000
2.658006,0.499564,-0.768376,0.060631,0.036457,0.385884,144.620000
2.658434,0.497736,-0.776557,0.060655,0.036281,0.385941,144.721000
2.659442,0.496466,-0.784269,0.060714,0.036370,0.385829,144.820000
2.657275,0.499830,-0.791227,0.060706,0.036323,0.386076,144.920000
2.671949,0.485903,-0.799636,0.060659,0.036411,0.383312,145.017000
2.678558,0.474578,-0.807165,0.060687,0.036305,0.384604,145.119000
2.684451,0.465122,-0.814192,0.060673,0.036311,0.384586,145.221000
2.688388,0.456100,-0.820791,0.060664,0.036294,0.384647,145.320000
2.691783,0.447845,-0.827005,0.060670,0.036342,0.384674,145.420000
2.701216,0.432786,-0.833532,0.060689,0.036346,0.385568,145.518000
2.707469,0.428385,-0.839115,0.060653,0.036413,0.384822,145.620000
2.713664,0.423408,-0.844403,0.060709,0.036539,0.385032,145.720000
2.719532,0.418953,-0.849441,0.060698,0.036522,0.385017,145.820000
2.722240,0.423033,-0.853741,0.060667,0.036587,0.383863,145.922000
2.724857,0.426278,-0.857885,0.060689,0.036558,0.384283,146.017000
2.727794,0.428705,-0.861927,0.060697,0.036551,0.384147,146.120000
2.730831,0.431267,-0.865829,0.060693,0.036515,0.383843,146.218000
2.733706,0.433329,-0.869612,0.060723,0.036551,0.383965,146.318000
2.741906,0.433777,-0.873602,0.060730,0.036536,0.384033,146.419000
2.746032,0.430809,-0.877335,0.060746,0.036554,0.384271,146.520000
2.750111,0.428167,-0.880905,0.060755,0.036532,0.384439,146.621000
2.752634,0.428180,-0.884123,0.060762,0.036556,0.384570,146.721000
2.755656,0.427792,-0.887244,0.060740,0.036593,0.384033,146.821000
2.758088,0.428037,-0.890156,0.060745,0.036590,0.384392,146.919000
2.759719,0.434767,-0.892675,0.060729,0.036621,0.383529,147.018000
2.763333,0.439409,-0.895308,0.060711,0.036662,0.382648,147.117000
2.765052,0.438923,-0.897946,0.060777,0.036586,0.384024,147.219000
2.766873,0.438521,-0.900491,0.060770,0.036591,0.383872,147.318000
2.768642,0.438801,-0.902821,0.060823,0.036698,0.383414,147.422000
2.770543,0.439081,-0.905062,0.060813,0.036702,0.383343,147.518000
2.774925,0.440569,-0.907335,0.060694,0.036925,0.379700,147.617000
2.779239,0.441521,-0.909545,0.060708,0.036916,0.380013,147.718000
2.783030,0.442572,-0.911646,0.060703,0.036900,0.380007,147.822000
2.786727,0.443602,-0.913637,0.060706,0.036932,0.379848,147.917000
2.804021,0.439033,-0.916592,0.060615,0.037072,0.377282,148.019000
2.820429,0.434470,-0.919427,0.060612,0.037052,0.377519,148.120000
2.825140,0.436844,-0.921205,0.060610,0.037042,0.377926,148.221000
2.829516,0.438836,-0.922938,0.060612,0.037021,0.377856,148.318000
2.833935,0.441046,-0.924629,0.060603,0.037021,0.377711,148.419000
2.837633,0.442739,-0.926257,0.060630,0.036993,0.378144,148.520000
2.847191,0.449684,-0.927971,0.060482,0.037243,0.373967,148.618000
2.856552,0.455807,-0.929662,0.060491,0.037247,0.374156,148.718000
2.865130,0.461530,-0.931284,0.060497,0.037253,0.374246,148.817000
2.874206,0.468218,-0.932847,0.060304,0.037577,0.368889,148.921000
2.878995,0.471499,-0.934172,0.060426,0.037636,0.369676,149.020000
2.895577,0.462433,-0.936636,0.060329,0.037783,0.367309,149.120000
2.898335,0.453360,-0.938256,0.060381,0.037711,0.368600,149.222000
2.904822,0.448834,-0.939846,0.060305,0.037810,0.366943,149.320000
2.910903,0.445004,-0.941371,0.060325,0.037801,0.367107,149.419000
2.916251,0.441494,-0.942796,0.060321,0.037807,0.367098,149.522000
2.921220,0.438017,-0.944132,0.060329,0.037840,0.367208,149.620000
2.924298,0.441287,-0.945042,0.060254,0.037938,0.365585,149.717000
2.927580,0.444330,-0.945982,0.060259,0.037933,0.365519,149.819000
2.930578,0.446900,-0.946899,0.060277,0.037951,0.365708,149.917000
2.932846,0.449346,-0.947748,0.060290,0.037980,0.365639,150.018000
2.934767,0.451935,-0.948557,0.060280,0.037993,0.365450,150.121000
2.936747,0.454065,-0.949427,0.060305,0.037958,0.365615,150.221000
2.938307,0.455988,-0.950285,0.060303,0.037988,0.365388,150.321000
2.939708,0.457528,-0.951142,0.060318,0.037988,0.365542,150.419000
2.941166,0.458950,-0.951994,0.060324,0.037998,0.365444,150.519000
2.940776,0.460616,-0.952706,0.060366,0.037950,0.366405,150.618000
2.940765,0.462192,-0.953428,0.060368,0.037978,0.366312,150.718000
2.940887,0.464001,-0.954139,0.060380,0.037989,0.366220,150.820000
2.941966,0.461393,-0.955093,0.060406,0.037949,0.366788,150.920000
2.942996,0.461791,-0.955898,0.060394,0.037992,0.366419,151.022000
2.943143,0.461919,-0.956603,0.060458,0.037993,0.367191,151.119000
2.943188,0.462085,-0.957305,0.060461,0.038002,0.366970,151.218000
2.943243,0.462225,-0.957980,0.060458,0.038056,0.366501,151.317000
2.943597,0.462732,-0.958651,0.060476,0.038056,0.366735,151.418000
2.943666,0.462570,-0.959294,0.060470,0.038072,0.366778,151.521000
2.943382,0.462541,-0.959910,0.060454,0.038080,0.366563,151.617000
2.943506,0.462157,-0.960574,0.060474,0.038082,0.366434,151.718000
2.943593,0.462050,-0.961204,0.060488,0.038079,0.366760,151.820000
2.943195,0.463931,-0.961708,0.060491,0.038112,0.366420,151.921000
2.942752,0.465379,-0.962228,0.060523,0.038049,0.366689,152.018000
2.941652,0.468695,-0.962621,0.060515,0.038092,0.366076,152.117000
2.941033,0.472120,-0.962939,0.060559,0.038234,0.366144,152.219000
2.958838,0.464142,-0.964809,0.060435,0.038455,0.362421,152.320000
2.958135,0.455751,-0.965578,0.060485,0.038417,0.363778,152.422000
2.960765,0.449983,-0.966436,0.060452,0.038447,0.363234,152.520000
2.958855,0.448421,-0.966845,0.060548,0.038316,0.365662,152.618000
2.956990,0.446923,-0.967261,0.060551,0.038317,0.365614,152.719000
2.955158,0.444798,-0.967709,0.060555,0.038305,0.365820,152.820000
2.962450,0.445010,-0.968590,0.060494,0.038419,0.363926,152.920000
2.968973,0.445262,-0.969438,0.060494,0.038416,0.364054,153.021000
2.974930,0.445190,-0.970273,0.060483,0.038410,0.363996,153.120000
2.983605,0.433315,-0.971748,0.060464,0.038435,0.363961,153.222000
2.997719,0.439739,-0.972746,0.060225,0.038782,0.358191,153.320000
3.009797,0.445962,-0.973643,0.060246,0.038774,0.358450,153.421000
3.021538,0.451325,-0.974603,0.060254,0.038734,0.358483,153.518000
3.025307,0.460270,-0.974942,0.060223,0.038768,0.357877,153.619000
3.031021,0.461790,-0.975731,0.060284,0.038692,0.358928,153.722000
3.035956,0.463553,-0.976457,0.060294,0.038716,0.358837,153.821000
3.040539,0.465437,-0.977150,0.060275,0.038707,0.358778,153.922000
3.044848,0.467198,-0.977868,0.060302,0.038701,0.358848,154.019000
3.048201,0.468730,-0.978536,0.060300,0.038693,0.359009,154.117000
3.052039,0.469538,-0.979248,0.060293,0.038719,0.358825,154.217000
3.049748,0.473521,-0.979474,0.060326,0.038669,0.359631,154.317000
3.048166,0.477364,-0.979782,0.060340,0.038656,0.359430,154.421000
3.045381,0.476128,-0.980221,0.060368,0.038648,0.360145,154.521000
3.060261,0.468843,-0.981917,0.060323,0.038767,0.358582,154.621000
3.064880,0.463056,-0.982980,0.060349,0.038684,0.359548,154.720000
3.064773,0.464750,-0.983464,0.060328,0.038683,0.359005,154.818000
3.064818,0.466552,-0.983989,0.060350,0.038721,0.358529,154.918000
