0.686464
14.179280
14.196760
22.171984
18.163284
14.799946
21.839596
22.083544
13.912705
13.805605
14.203882
13.863333
14.630821
14.198070
14.340703
13.830488
14.465823
14.523109
15.113279
16.151974
16.175671
15.442357
16.299917
16.745537
18.286949
18.185907
18.240664
18.052439
19.063643
18.972223
19.339397
18.343008
19.554884
19.468782
18.690258
30.083961
29.438700
29.703466
20.431948
19.740852
20.459366
20.877657
21.934469
19.587906
20.502625
20.607170
18.747631
20.249088
20.214899
21.233521
21.616241
20.603142
33.085617
21.269899
20.135946
30.727709
30.972425
27.992275
31.400944
21.000759
20.095263
20.204115
20.639082
21.952579
21.937714
20.227629
21.105873
20.975817
22.660574
21.549824
22.458014
22.378265
21.674282
21.122908
21.665747
20.565159
19.200529
20.807901
20.656761
20.111149
19.956947
18.978930
17.284285
17.445183
17.629078
17.318188
16.540953
15.495397
15.550503
14.466881
14.254101
13.621045
13.668634
20.320011
15.264565
19.410940
13.257193
14.358706
13.976556
14.831510
15.309642
24.696461
25.894241
17.039026
17.194714
18.815645
17.176188
17.677151
18.259964
24.838198
28.243847
18.419037
18.226009
18.130348
16.215694
18.432455
18.620436
18.203613
18.913195
17.483643
18.393103
17.568508
18.795109
17.114281
17.365383
15.781186
22.725517
14.184646
14.969936
15.904230
14.395708
15.294196
14.690434
14.559723
14.336516
15.365564
13.519694
13.943955
14.965874
14.049686
12.756871
12.174814
12.322125
12.765384
13.296284
13.003879
12.879977
12.959872
13.403326
13.021179
13.699896
13.850098
14.403024
13.530916
12.841539
13.252297
13.950995
13.440030
13.389406
13.720858
13.401422
13.772839
13.366416
12.988598
13.396397
12.863163
12.646699
12.609932
13.356765
13.072943
12.590042
12.260169
18.165379
13.528200
13.261695
13.058562
12.357043
20.293379
19.417768
14.621559
18.644205
19.924116
13.268427
11.912216
11.682634
12.693011
12.270106
11.670931
12.385081
11.886962
12.459258
12.530026
11.790359
12.312296
11.809937
10.619594
12.230919
11.819842
11.821911
11.456436
12.050714
11.260428
11.160334
17.702436
11.206967
10.822770
11.397137
12.055643
11.529539
12.071233
11.904703
11.614179
12.189281
12.204323
11.865884
13.007157
12.736133
12.405756
12.526968
12.396235
11.858522
12.993090
12.510506
13.673593
12.464919
13.037367
12.853318
11.614048
10.867123
11.935024
11.450103
11.023802
11.220744
10.887195
11.054937
10.257113
10.129060
10.227000
14.997720
15.336026
15.468245
15.542998
15.131889
15.480871
10.896133
9.957972
10.111218
9.711414
9.780853
9.497061
10.728315
11.108543
12.326376
18.929935
12.261780
14.087004
13.369472
14.087161
15.316652
15.743930
26.156822
15.107365
15.038083
26.241249
16.903633
16.810310
17.590219
16.343349
15.833564
15.168194
14.434669
13.125083
14.185662
13.445799
13.685588
13.628793
13.080897
14.666797
15.796812
15.988011
15.506343
15.332049
16.882130
20.622437
19.456511
19.834393
20.741768
20.995335
20.433634
21.668962
21.226347
21.592670
21.528809
21.702499
21.561621
22.567463
33.658127
32.514694
23.862658
21.928291
22.866385
22.034447
21.922403
21.896341
22.973906
23.030792
23.501284
21.314533
22.275776
20.618168
22.108637
21.621531
22.138092
21.483124
20.994604
20.371923
22.049482
22.836021
22.925037
22.364794
22.264992
21.943264
23.093361
25.690531
24.360422
25.011505
25.303688
25.377480
27.978106
27.683886
27.883020
24.294289
26.871897
24.315264
34.692322
25.438072
37.929848
25.505999
27.200327
25.828070
25.928509
26.760925
25.327101
26.784073
25.664640
24.653440
23.666834
23.837744
22.253899
22.178343
19.720890
19.420881
19.009165
18.712521
18.575167
17.314070
18.668640
17.550898
17.229513
23.407391
24.854429
25.751572
16.093864
16.488998
16.094877
17.055120
15.748988
15.165819
15.419982
14.683635
13.006117
12.577509
11.528653
11.096586
11.270562
9.911650
10.358396
10.354018
9.971843
15.628905
9.829824
10.081286
11.007770
9.597001
9.520687
15.746811
10.791774
9.776552
8.813426
8.776130
9.320530
9.591760
9.710163
10.914585
16.484015
11.359104
13.207120
13.421550
12.896388
14.167607
14.994187
18.050116
14.774825
14.965299
14.302342
15.208874
15.200620
14.269293
12.920341
13.391006
12.922714
12.192839
11.823727
10.348854
10.072605
14.869764
9.376881
9.103473
8.738492
8.084980
8.611579
8.239735
8.184488
9.571491
8.351145
10.126959
8.572991
8.502553
8.071416
7.799868
8.513396
11.506262
9.265900
7.916424
8.658195
8.032384
8.297760
9.507143
7.960707
12.607572
8.048886
8.602183
8.297951
8.769999
9.475403
9.140979
10.210657
10.811583
12.110946
11.507599
12.317234
11.861849
18.514046
13.046029
12.346415
14.731948
14.622046
14.373120
14.042351
13.072517
12.614199
12.420751
10.969488
10.201149
14.995476
14.382031
8.630303
8.922196
8.295114
7.839526
7.599575
8.016639
8.117908
8.655055
7.537230
8.375074
8.279063
7.539281
7.975809
8.689898
7.567564
7.675271
7.460268
7.698050
8.957697
7.604402
7.295354
7.633675
8.569515
9.330194
10.371288
11.436302
12.765148
13.796946
13.377828
13.584776
13.459449
12.967203
12.091659
10.401360
9.840904
10.084132
9.669419
9.565688
15.567398
8.639541
13.495384
9.808882
9.445390
8.991846
9.233770
8.393298
10.654542
8.529707
8.427625
8.407208
7.970404
8.688814
7.933267
8.260869
8.473573
8.290125
8.528729
8.886602
8.415352
9.110300
8.618760
8.134642
9.051463
10.171351
10.704654
10.351826
10.690948
12.099165
13.387424
15.097283
16.171736
16.403765
16.186447
16.220079
16.402327
18.042433
17.595890
18.024944
18.039944
18.796051
19.852093
20.005541
23.034319
24.087587
41.029148
27.540026
26.900402
26.467487
26.681530
27.082693
24.551271
31.649502
25.528679
23.111116
37.422966
36.414707
36.412029
38.444984
37.337891
25.206648
24.194378
23.927084
22.673927
21.759331
22.191036
21.478378
20.236313
20.576668
20.242201
20.089977
19.997311
20.128551
19.872156
19.211582
20.495373
19.201014
27.702469
17.859659
18.616798
18.998098
17.220924
17.643600
16.928129
17.083647
16.858875
17.303846
17.510227
17.860374
17.161167
16.575075
16.552620
16.153074
16.843325
17.667521
16.244215
16.228582
16.373241
24.596537
17.541145
17.410831
15.838128
17.590595
17.643238
16.720963
16.358904
17.403381
16.642916
17.447411
