0.159994,0.000260,0.075412,-0.000057,-0.000050,0.001058,49.873000
0.159998,0.000087,0.075404,-0.000057,-0.000050,0.001059,49.973000
0.159998,0.000087,0.075404,-0.000057,-0.000049,0.001059,50.071000
0.159998,0.000087,0.075404,-0.000057,-0.000049,0.001059,50.174000
0.159998,0.000087,0.075404,-0.000057,-0.000049,0.001059,50.272000
0.159998,0.000087,0.075404,-0.000057,-0.000049,0.001059,50.374000
0.159998,0.000087,0.075404,-0.000057,-0.000049,0.001060,50.474000
0.159998,0.000087,0.075404,-0.000058,-0.000049,0.001060,50.576000
0.159998,0.000087,0.075404,-0.000058,-0.000049,0.001060,50.674000
0.159998,0.000087,0.075404,-0.000058,-0.000049,0.001060,50.774000
0.171951,0.000087,0.075410,0.000023,-0.000049,0.001023,50.876000
0.204056,0.000111,0.075415,-0.000010,-0.000014,0.000921,50.969000
0.238627,0.000186,0.075417,0.000006,0.000025,0.001041,51.072000
0.273027,0.000683,0.075418,0.000004,0.000008,0.004139,51.173000
0.307110,0.003787,0.075414,0.000030,0.000037,0.028125,51.276000
0.340491,0.008211,0.075416,-0.000072,-0.000014,0.061509,51.373000
0.373757,0.012688,0.075424,-0.000023,-0.000026,0.089547,51.471000
0.404109,0.018892,0.075417,0.000059,-0.000030,0.126671,51.572000
0.432784,0.027062,0.075416,0.000150,0.000144,0.173239,51.671000
0.462526,0.037710,0.075423,0.000055,-0.000041,0.226108,51.780000
0.492288,0.048431,0.075412,0.000025,-0.000081,0.269742,51.872000
0.522251,0.059800,0.075418,0.000034,0.000010,0.304083,51.972000
0.551481,0.072648,0.075420,-0.000006,-0.000031,0.342270,52.071000
0.578070,0.087588,0.075415,-0.000046,-0.000037,0.394271,52.170000
0.604895,0.103428,0.075416,0.000096,-0.000040,0.442139,52.270000
0.630413,0.120034,0.075422,-0.000047,-0.000051,0.488392,52.378000
0.653973,0.136109,0.075418,0.000090,0.000119,0.526933,52.473000
0.679925,0.154976,0.075424,-0.000005,-0.000024,0.561433,52.570000
0.705333,0.175460,0.075420,-0.000030,-0.000020,0.599444,52.675000
0.731756,0.194936,0.075409,0.000056,-0.000002,0.618039,52.771000
0.758744,0.215264,0.075417,0.000118,0.000110,0.629820,52.873000
0.785920,0.235711,0.075421,-0.000001,-0.000035,0.636943,52.972000
0.813454,0.256467,0.075416,-0.000002,0.000029,0.641378,53.075000
0.841041,0.277374,0.075419,0.000015,0.000017,0.644552,53.172000
0.868370,0.298016,0.075415,-0.000033,0.000020,0.646007,53.273000
0.897058,0.319797,0.075420,-0.000003,-0.000005,0.647034,53.371000
0.927247,0.342665,0.075417,-0.000025,-0.000020,0.647711,53.473000
0.957437,0.365611,0.075417,-0.000036,-0.000039,0.648438,53.574000
0.987750,0.388631,0.075415,-0.000036,-0.000015,0.648738,53.672000
1.018295,0.411819,0.075418,0.000010,0.000004,0.648717,53.775000
1.048257,0.434566,0.075422,0.000008,-0.000038,0.648723,53.871000
1.078845,0.457787,0.075410,0.000087,-0.000030,0.649243,53.973000
1.110144,0.481500,0.075411,0.000025,-0.000049,0.649393,54.072000
1.143541,0.506865,0.075399,-0.000022,0.000148,0.649666,54.178000
1.178970,0.533814,0.075412,0.000063,0.000010,0.649636,54.276000
1.218358,0.563791,0.075418,0.000033,-0.000047,0.650142,54.375000
1.282009,0.612040,0.075404,0.000100,0.000004,0.649656,54.471000
1.326575,0.645912,0.075412,-0.000064,-0.000054,0.649422,54.573000
1.370606,0.679464,0.075418,0.000018,-0.000093,0.650321,54.673000
1.393996,0.697116,0.075415,0.000036,0.000003,0.649526,54.774000
1.466207,0.752043,0.075392,-0.000011,0.000192,0.650059,54.877000
1.491018,0.770842,0.075424,0.000013,0.000001,0.650127,54.973000
1.563452,0.825930,0.075415,0.000026,0.000046,0.650454,55.073000
1.611934,0.862818,0.075425,-0.000002,-0.000020,0.650864,55.174000
1.636700,0.881638,0.075412,0.000034,-0.000010,0.651035,55.271000
1.685405,0.918768,0.075398,-0.000057,0.000151,0.651197,55.373000
1.733473,0.955469,0.075422,0.000000,-0.000103,0.651166,55.470000
1.782148,0.992554,0.075413,-0.000040,-0.000023,0.651166,55.571000
1.830363,1.029309,0.075404,0.000045,-0.000042,0.651105,55.675000
1.876060,1.064107,0.075415,-0.000026,-0.000022,0.651055,55.775000
1.919767,1.097417,0.075400,-0.000041,0.000174,0.651323,55.874000
1.963393,1.130751,0.075427,-0.000030,-0.000089,0.651973,55.975000
2.007153,1.164154,0.075401,0.000029,0.000035,0.652652,56.074000
2.051446,1.197916,0.075416,-0.000113,0.000147,0.652600,56.177000
2.092882,1.233258,0.075420,-0.000124,0.000059,0.671396,56.278000
2.131900,1.271470,0.075425,-0.000027,-0.000078,0.713022,56.375000
2.167971,1.310795,0.075412,-0.000057,0.000021,0.766740,56.474000
2.201120,1.351423,0.075428,-0.000033,-0.000049,0.825100,56.578000
2.230248,1.394222,0.075404,-0.000125,-0.000092,0.894371,56.678000
2.255924,1.439536,0.075416,-0.000108,0.000077,0.970771,56.772000
2.280141,1.486165,0.075416,-0.000043,0.000055,1.035931,56.875000
2.299872,1.533289,0.075427,-0.000075,-0.000015,1.104012,56.974000
2.314861,1.583081,0.075414,-0.000105,0.000059,1.184121,57.072000
2.330060,1.632907,0.075413,-0.000119,-0.000067,1.239682,57.173000
2.344947,1.683590,0.075402,-0.000011,0.000123,1.272300,57.273000
2.358795,1.736498,0.075420,-0.000137,0.000107,1.296091,57.375000
2.372886,1.788857,0.075399,-0.000018,0.000188,1.307716,57.477000
2.386417,1.842475,0.075420,0.000061,0.000036,1.317410,57.573000
2.399675,1.895392,0.075413,0.000005,0.000045,1.323636,57.672000
2.412932,1.948830,0.075406,0.000080,0.000028,1.327154,57.773000
2.426007,2.002169,0.075421,-0.000028,-0.000014,1.329021,57.874000
2.439243,2.056370,0.075408,0.000191,0.000155,1.330180,57.975000
2.452092,2.108956,0.075422,-0.000030,-0.000092,1.330781,58.077000
2.465113,2.162145,0.075411,-0.000017,0.000044,1.331286,58.174000
2.484657,2.242530,0.075408,0.000113,-0.000018,1.331967,58.275000
2.497574,2.295810,0.075420,0.000063,0.000027,1.331108,58.377000
2.503322,2.322852,0.075421,0.000011,0.000003,1.337693,58.472000
2.510713,2.377851,0.075421,-0.000042,-0.000034,1.373511,58.571000
2.517931,2.430560,0.075410,0.000061,0.000024,1.406337,58.675000
2.524791,2.484465,0.075415,0.000138,-0.000036,1.428585,58.776000
2.531582,2.539040,0.075411,-0.000061,0.000019,1.441981,58.875000
2.538054,2.593281,0.075422,0.000000,0.000012,1.449854,58.969000
2.542046,2.648086,0.075418,-0.000021,0.000015,1.469652,59.074000
2.541580,2.702269,0.075423,-0.000025,0.000019,1.513722,59.176000
2.538889,2.755766,0.075406,0.000202,-0.000021,1.565231,59.278000
2.530509,2.808281,0.075423,0.000039,-0.000027,1.637576,59.372000
2.520776,2.859276,0.075416,0.000058,0.000035,1.702031,59.476000
2.509087,2.908566,0.075414,0.000055,-0.000006,1.756270,59.571000
2.496458,2.960266,0.075421,0.000029,-0.000121,1.791699,59.676000
2.482677,3.013066,0.075413,-0.000002,0.000015,1.814938,59.776000
2.468951,3.064929,0.075407,-0.000052,0.000053,1.827581,59.877000
2.454643,3.117811,0.075413,-0.000123,0.000113,1.834242,59.977000
2.435997,3.169915,0.075411,-0.000153,0.000027,1.864471,60.073000
2.414911,3.219749,0.075418,-0.000103,-0.000002,1.911018,60.173000
2.392002,3.266985,0.075419,0.000045,0.000050,1.965091,60.273000
2.364372,3.311435,0.075418,0.000021,0.000051,2.036656,60.373000
2.334963,3.354576,0.075429,-0.000056,-0.000003,2.103791,60.475000
2.303930,3.396590,0.075423,-0.000064,-0.000037,2.160209,60.573000
2.270949,3.438552,0.075423,0.000032,-0.000008,2.203783,60.674000
2.237501,3.481033,0.075414,0.000016,-0.000006,2.229138,60.776000
2.203237,3.523972,0.075415,0.000005,-0.000011,2.243101,60.876000
2.167404,3.567788,0.075411,0.000038,0.000052,2.252232,60.972000
2.129252,3.614128,0.075420,-0.000046,0.000062,2.257566,61.074000
2.089753,3.661740,0.075422,0.000001,0.000017,2.260809,61.172000
2.047532,3.712235,0.075422,0.000028,0.000011,2.263939,61.273000
2.001333,3.759543,0.075420,-0.000047,-0.000019,2.296388,61.371000
1.952291,3.803436,0.075428,-0.000034,0.000029,2.352773,61.470000
1.901320,3.844143,0.075424,-0.000043,0.000008,2.417144,61.574000
1.848072,3.879102,0.075410,0.000114,0.000029,2.495625,61.673000
1.791559,3.909697,0.075421,0.000046,0.000023,2.580135,61.777000
1.734110,3.935989,0.075423,-0.000155,0.000033,2.660264,61.872000
1.674670,3.955153,0.075431,0.000024,-0.000083,2.751617,61.975000
1.614498,3.970227,0.075412,-0.000167,0.000114,2.837742,62.073000
1.552670,3.980755,0.075438,-0.000002,-0.000024,2.918581,62.176000
1.490631,3.984809,0.075411,-0.000063,-0.000083,3.006154,62.275000
1.428402,3.982952,0.075411,-0.000022,0.000034,3.097990,62.371000
1.365487,3.977043,0.075427,-0.000027,-0.000022,-3.100761,62.476000
1.303356,3.963530,0.075413,-0.000004,-0.000108,-3.005633,62.576000
1.241861,3.951293,0.075415,-0.000038,-0.000033,-2.950135,62.675000
1.178465,3.935076,0.075414,-0.000039,-0.000009,-2.909539,62.774000
1.115209,3.921087,0.075419,-0.000048,0.000010,-2.902027,62.875000
1.051014,3.911369,0.075424,-0.000008,-0.000013,-2.932873,62.975000
0.987072,3.901396,0.075414,0.000112,-0.000017,-2.964179,63.076000
0.923109,3.892329,0.075416,0.000006,0.000020,-2.988749,63.171000
0.857027,3.883250,0.075422,-0.000124,0.000099,-3.002983,63.275000
0.792087,3.874748,0.075424,0.000063,-0.000115,-3.011164,63.376000
0.726108,3.866456,0.075406,0.000060,0.000052,-3.016171,63.470000
0.660081,3.858272,0.075420,-0.000065,0.000035,-3.019473,63.574000
0.593664,3.853068,0.075411,-0.000031,0.000024,-3.037623,63.676000
0.527519,3.852981,0.075418,0.000003,0.000049,-3.083851,63.773000
0.462330,3.853057,0.075412,-0.000070,0.000016,-3.121838,63.874000
0.395837,3.853838,0.075413,0.000167,0.000112,3.136844,63.973000
0.329657,3.854958,0.075418,0.000051,0.000069,3.123655,64.072000
0.263883,3.856809,0.075422,-0.000004,0.000036,3.115508,64.172000
0.196648,3.858935,0.075425,-0.000044,0.000003,3.110711,64.276000
0.148971,3.860591,0.075408,-0.000137,0.000004,3.107041,64.371000
0.140095,3.860757,0.075415,0.000027,0.000008,3.107014,64.475000
0.139738,3.860769,0.075416,-0.000012,-0.000002,3.106978,64.576000
0.139792,3.860769,0.075416,-0.000006,-0.000000,3.106958,64.675000
0.139882,3.860768,0.075416,0.000005,0.000001,3.106930,64.774000
0.140001,3.860766,0.075415,0.000017,0.000005,3.106921,64.876000
0.140158,3.860763,0.075415,0.000035,0.000008,3.106912,64.976000
0.140387,3.860759,0.075413,0.000064,0.000009,3.106882,65.073000
0.140725,3.860751,0.075408,0.000105,0.000012,3.106886,65.171000
0.140911,3.860744,0.075407,0.000121,-0.000005,3.106919,65.274000
0.140901,3.860744,0.075406,0.000122,-0.000005,3.106918,65.376000
0.140904,3.860744,0.075407,0.000122,-0.000005,3.106917,65.474000
0.140905,3.860744,0.075407,0.000122,-0.000005,3.106917,65.573000
0.140904,3.860744,0.075407,0.000122,-0.000006,3.106914,65.673000
0.140905,3.860744,0.075407,0.000122,-0.000005,3.106917,65.774000
0.140905,3.860744,0.075407,0.000122,-0.000005,3.106918,65.874000
0.140905,3.860744,0.075407,0.000122,-0.000005,3.106918,65.970000
0.140905,3.860744,0.075407,0.000122,-0.000005,3.106918,66.075000
0.140905,3.860744,0.075407,0.000122,-0.000005,3.106918,66.172000
0.140905,3.860744,0.075407,0.000122,-0.000005,3.106918,66.274000
0.140905,3.860744,0.075407,0.000122,-0.000005,3.106918,66.375000
0.140905,3.860744,0.075407,0.000122,-0.000005,3.106919,66.472000
0.140904,3.860744,0.075407,0.000122,-0.000006,3.106916,66.573000
0.120210,3.861459,0.075409,0.000005,0.000050,3.106835,66.674000
0.082955,3.862746,0.075411,-0.000066,-0.000004,3.106844,66.772000
0.044053,3.864056,0.075406,-0.000085,0.000153,3.107287,66.873000
0.004580,3.865446,0.075420,0.000055,-0.000063,3.107151,66.974000
-0.036032,3.866802,0.075417,0.000002,0.000015,3.107210,67.073000
-0.080834,3.868283,0.075410,-0.000113,0.000037,3.107197,67.177000
-0.129419,3.869933,0.075405,-0.000025,0.000049,3.107285,67.274000
-0.183385,3.871826,0.075412,0.000174,0.000124,3.107415,67.375000
-0.239703,3.873695,0.075425,0.000000,0.000010,3.108055,67.473000
-0.297695,3.875674,0.075421,0.000005,-0.000013,3.107569,67.576000
-0.354704,3.877294,0.075416,0.000023,0.000050,3.108528,67.674000
-0.412458,3.874438,0.075419,-0.000022,0.000030,3.138808,67.772000
-0.468847,3.868606,0.075412,-0.000109,0.000022,-3.096705,67.875000
-0.524820,3.861615,0.075421,-0.000053,-0.000031,-3.053492,67.976000
-0.581349,3.854078,0.075407,0.000001,0.000078,-3.023592,68.074000
-0.637696,3.846340,0.075422,-0.000015,0.000011,-3.007383,68.176000
-0.694458,3.837704,0.075389,0.000049,0.000201,-2.996505,68.271000
-0.750561,3.828879,0.075431,-0.000003,0.000003,-2.989050,68.375000
-0.807189,3.819963,0.075414,0.000020,0.000046,-2.985261,68.477000
-0.864299,3.811997,0.075413,-0.000068,-0.000104,-2.990632,68.578000
-0.921086,3.808630,0.075414,0.000014,-0.000039,-3.025152,68.675000
-0.978302,3.805055,0.075413,-0.000052,-0.000009,-3.055462,68.772000
-1.035070,3.801041,0.075416,0.000023,0.000035,-3.071353,68.875000
-1.092085,3.797989,0.075410,-0.000023,0.000056,-3.082455,68.975000
-1.151650,3.794994,0.075406,0.000092,0.000101,-3.089082,69.071000
-1.216968,3.791949,0.075429,-0.000033,-0.000000,-3.093923,69.177000
-1.292884,3.788702,0.075413,-0.000032,-0.000063,-3.097510,69.275000
-1.377971,3.785170,0.075410,-0.000076,-0.000028,-3.100465,69.374000
-1.468936,3.781544,0.075413,0.000073,0.000026,-3.102077,69.472000
-1.562247,3.777874,0.075425,-0.000046,-0.000006,-3.102829,69.576000
-1.654267,3.774110,0.075413,-0.000076,0.000021,-3.101560,69.677000
-1.747246,3.770426,0.075427,-0.000023,-0.000160,-3.101665,69.773000
-1.840405,3.766664,0.075388,-0.000069,0.000097,-3.101587,69.875000
-1.930441,3.763224,0.075418,0.000064,0.000048,-3.102319,69.978000
-2.015832,3.759737,0.075424,-0.000046,-0.000038,-3.101782,70.076000
-2.099997,3.756152,0.075414,-0.000019,0.000014,-3.100501,70.173000
-2.183665,3.752730,0.075409,-0.000002,0.000091,-3.100035,70.272000
-2.267400,3.749322,0.075417,0.000096,-0.000026,-3.100101,70.376000
-2.351068,3.745759,0.075415,-0.000119,-0.000035,-3.099291,70.472000
-2.434860,3.742185,0.075426,-0.000127,-0.000140,-3.098323,70.573000
-2.518452,3.738610,0.075400,-0.000006,0.000055,-3.097854,70.675000
-2.602034,3.738682,0.075420,-0.000052,0.000032,-3.117943,70.773000
-2.685798,3.744315,0.075435,0.000039,-0.000127,3.120487,70.873000
-2.769154,3.748140,0.075413,-0.000043,-0.000027,3.092880,70.975000
-2.852346,3.753570,0.075414,-0.000014,0.000025,3.075825,71.076000
-2.935458,3.753567,0.075419,-0.000204,0.000028,3.097739,71.176000
-3.018513,3.752200,0.075417,0.000097,-0.000024,3.131620,71.273000
-3.102261,3.751047,0.075422,-0.000056,-0.000117,-3.128113,71.373000
-3.184725,3.749116,0.075409,0.000037,0.000003,-3.114480,71.474000
-3.268149,3.746120,0.075413,0.000121,0.000099,-3.105035,71.575000
-3.351745,3.742704,0.075421,-0.000104,0.000007,-3.099643,71.675000
-3.436095,3.738923,0.075417,-0.000021,0.000065,-3.096235,71.775000
-3.561641,3.732766,0.075421,-0.000046,0.000074,-3.093133,71.870000
-3.602631,3.731093,0.075421,0.000025,0.000035,-3.092939,71.971000
-3.686273,3.730393,0.075425,0.000039,0.000063,-3.110413,72.075000
-3.769565,3.729768,0.075426,-0.000016,0.000013,-3.127550,72.173000
-3.853199,3.729250,0.075426,-0.000135,-0.000071,-3.137583,72.272000
-3.936773,3.729406,0.075409,0.000038,-0.000004,3.139384,72.375000
-4.021270,3.729856,0.075414,-0.000050,0.000027,3.135815,72.473000
-4.103966,3.730610,0.075404,-0.000020,0.000100,3.133144,72.572000
-4.188411,3.731423,0.075420,0.000088,0.000065,3.131822,72.674000
-4.271205,3.732139,0.075423,-0.000135,-0.000046,3.132496,72.777000
-4.355512,3.732993,0.075404,-0.000032,0.000027,3.132720,72.872000
-4.439166,3.733734,0.075414,-0.000020,0.000066,3.132277,72.972000
-4.521938,3.734676,0.075430,0.000010,-0.000031,3.131047,73.079000
-4.605678,3.735281,0.075411,-0.000127,-0.000002,3.133164,73.175000
-4.689335,3.736063,0.075417,-0.000029,0.000026,3.133986,73.272000
-4.773065,3.736712,0.075425,-0.000080,0.000022,3.134405,73.372000
-4.857642,3.737380,0.075406,0.000021,0.000088,3.134679,73.473000
-4.940645,3.737980,0.075418,0.000060,0.000149,3.134995,73.574000
-5.025092,3.738556,0.075417,-0.000097,0.000036,3.134590,73.675000
-5.108000,3.739112,0.075423,0.000008,0.000011,3.135048,73.773000
-5.191686,3.739737,0.075416,-0.000005,0.000017,3.135025,73.878000
-5.275396,3.740210,0.075407,-0.000064,0.000052,3.135449,73.974000
-5.359049,3.740889,0.075427,0.000047,-0.000077,3.134764,74.075000
-5.442832,3.741400,0.075381,-0.000079,0.000237,3.135053,74.170000
-5.526548,3.741743,0.075433,0.000014,0.000066,3.135968,74.277000
-5.610286,3.742067,0.075429,-0.000067,0.000003,3.137010,74.375000
-5.693988,3.742396,0.075417,0.000073,-0.000009,3.137894,74.472000
-5.778511,3.742685,0.075411,0.000052,0.000051,3.139161,74.574000
-5.861271,3.742878,0.075423,-0.000105,-0.000061,3.140041,74.671000
-5.944782,3.743160,0.075418,-0.000006,-0.000009,3.139550,74.778000
-6.029359,3.743270,0.075410,0.000059,0.000153,3.139272,74.876000
-6.112062,3.743463,0.075432,0.000042,0.000063,3.139445,74.974000
-6.195643,3.743595,0.075393,-0.000009,0.000151,3.140404,75.073000
-6.280002,3.743907,0.075429,-0.000048,-0.000001,3.139541,75.173000
-6.362801,3.744071,0.075417,-0.000033,0.000006,3.139594,75.276000
-6.446394,3.744184,0.075404,0.000049,0.000104,3.139945,75.374000
-6.530047,3.744348,0.075416,-0.000042,0.000060,3.140216,75.476000
-6.614640,3.744231,0.075424,0.000014,-0.000021,3.141290,75.578000
-6.697994,3.736835,0.075416,-0.000013,0.000010,-3.103675,75.673000
-6.779640,3.723254,0.075421,0.000059,0.000066,-3.035105,75.775000
-6.858112,3.702674,0.075417,-0.000249,0.000067,-2.944834,75.876000
-6.933453,3.677004,0.075414,-0.000014,0.000055,-2.854555,75.973000
-7.004346,3.642256,0.075434,-0.000049,-0.000151,-2.747790,76.073000
-7.071764,3.602229,0.075413,-0.000034,-0.000009,-2.646949,76.172000
-7.133465,3.554722,0.075420,0.000159,0.000075,-2.540362,76.273000
-7.190488,3.500261,0.075417,0.000006,0.000051,-2.432704,76.376000
-7.241899,3.441391,0.075417,0.000155,0.000156,-2.330570,76.473000
-7.285476,3.375398,0.075434,-0.000015,-0.000054,-2.217629,76.570000
-7.324640,3.307397,0.075420,-0.000081,-0.000016,-2.120730,76.672000
-7.352957,3.233520,0.075428,-0.000002,-0.000046,-2.007368,76.774000
-7.376965,3.158076,0.075410,0.000116,0.000113,-1.909958,76.874000
-7.389822,3.081397,0.075447,-0.000115,-0.000192,-1.800707,76.971000
-7.402908,3.001887,0.075390,0.000038,0.000120,-1.732572,77.079000
-7.413023,2.920874,0.075418,-0.000025,0.000085,-1.691311,77.174000
-7.420900,2.838715,0.075420,-0.000030,0.000094,-1.665211,77.273000
-7.427702,2.754919,0.075431,-0.000015,-0.000009,-1.649701,77.372000
-7.433466,2.672235,0.075415,0.000094,0.000057,-1.639301,77.473000
-7.438863,2.588679,0.075427,0.000008,0.000000,-1.633195,77.576000
-7.443803,2.505083,0.075416,-0.000071,-0.000043,-1.629343,77.675000
-7.448570,2.421368,0.075406,-0.000031,0.000019,-1.627138,77.773000
-7.453236,2.337788,0.075416,-0.000115,0.000053,-1.625503,77.871000
-7.456000,2.253146,0.075429,-0.000005,-0.000010,-1.613648,77.972000
-7.450826,2.170998,0.075423,0.000107,-0.000117,-1.563884,78.071000
-7.439640,2.089422,0.075419,-0.000027,-0.000040,-1.489200,78.173000
-7.421617,2.009536,0.075410,0.000043,0.000062,-1.400179,78.273000
-7.396056,1.933976,0.075422,0.000030,-0.000002,-1.298916,78.372000
-7.364090,1.861090,0.075414,0.000219,0.000017,-1.200928,78.474000
-7.324249,1.793391,0.075399,0.000141,0.000077,-1.095547,78.576000
-7.286446,1.735788,0.075429,-0.000011,-0.000130,-1.009733,78.675000
-7.232392,1.678246,0.075407,-0.000139,0.000123,-0.900877,78.776000
-7.167797,1.620571,0.075432,0.000044,0.000048,-0.787828,78.875000
-7.112016,1.577161,0.075424,-0.000138,-0.000157,-0.686362,78.977000
-7.033087,1.535193,0.075415,-0.000013,-0.000045,-0.568426,79.075000
-6.961585,1.500546,0.075447,-0.000083,-0.000152,-0.466628,79.178000
-6.887530,1.476095,0.075418,-0.000080,-0.000045,-0.364965,79.274000
-6.811604,1.450976,0.075420,0.000016,-0.000200,-0.307121,79.374000
-6.732416,1.429056,0.075404,-0.000105,-0.000034,-0.269741,79.474000
-6.569906,1.393980,0.075393,0.000056,0.000081,-0.233341,79.572000
-6.530474,1.379059,0.075423,0.000137,-0.000027,-0.228472,79.676000
-6.489611,1.369967,0.075408,0.000235,0.000234,-0.223693,79.771000
-6.408066,1.352255,0.075432,-0.000062,0.000045,-0.219119,79.873000
-6.279393,1.324507,0.075426,0.000068,-0.000010,-0.214248,79.975000
-6.234978,1.314390,0.075420,0.000018,-0.000051,-0.212791,80.076000
-6.099406,1.285342,0.075405,-0.000004,0.000046,-0.212444,80.173000
-6.055301,1.275864,0.075418,0.000054,-0.000041,-0.211209,80.275000
-5.920278,1.247410,0.075410,-0.000025,0.000022,-0.208132,80.373000
-5.875294,1.237417,0.075422,-0.000027,0.000027,-0.209270,80.477000
-5.785233,1.218712,0.075419,0.000003,0.000064,-0.207671,80.575000
-5.650034,1.190288,0.075429,0.000025,0.000032,-0.206812,80.675000
-5.559897,1.171306,0.075425,-0.000007,-0.000079,-0.206492,80.773000
-5.514821,1.161848,0.075414,-0.000004,0.000070,-0.206376,80.874000
-5.424615,1.142799,0.075436,0.000021,-0.000077,-0.207629,80.975000
-5.334461,1.123851,0.075397,-0.000028,0.000093,-0.208325,81.075000
-5.243354,1.104579,0.075420,0.000117,0.000083,-0.208311,81.176000
-5.153278,1.085549,0.075434,-0.000039,-0.000014,-0.208252,81.275000
-5.063171,1.066506,0.075417,0.000119,-0.000160,-0.208370,81.375000
-4.973906,1.047739,0.075412,-0.000070,-0.000079,-0.207700,81.474000
-4.883633,1.028565,0.075404,-0.000126,0.000009,-0.208145,81.574000
-4.793277,1.009487,0.075414,-0.000000,0.000035,-0.208006,81.674000
-4.702214,0.990307,0.075426,-0.000069,-0.000096,-0.207860,81.775000
-4.612821,0.971436,0.075408,-0.000023,0.000064,-0.207979,81.876000
-4.523469,0.948311,0.075431,-0.000013,-0.000044,-0.228719,81.978000
-4.437260,0.917187,0.075421,-0.000055,0.000020,-0.289200,82.073000
-4.355119,0.879425,0.075419,0.000060,0.000075,-0.375982,82.172000
-4.278030,0.835196,0.075443,-0.000121,-0.000110,-0.474078,82.274000
-4.207012,0.783320,0.075421,0.000088,-0.000167,-0.581916,82.373000
-4.141608,0.725047,0.075407,0.000008,0.000026,-0.687524,82.475000
-4.083639,0.658992,0.075427,0.000068,-0.000077,-0.802239,82.571000
-4.033227,0.589311,0.075440,-0.000064,-0.000181,-0.911027,82.676000
-3.991968,0.511787,0.075405,0.000154,-0.000107,-1.028143,82.777000
-3.957520,0.433050,0.075409,-0.000067,0.000022,-1.131689,82.875000
-3.926687,0.349789,0.075410,0.000022,0.000052,-1.207849,82.976000
-3.897285,0.264799,0.075438,-0.000172,-0.000024,-1.251393,83.073000
-3.870767,0.178845,0.075414,0.000020,0.000032,-1.277884,83.172000
-3.845711,0.090930,0.075419,0.000077,0.000008,-1.294857,83.271000
-3.821190,0.001530,0.075420,0.000050,-0.000016,-1.305965,83.372000
-3.797846,-0.085659,0.075408,0.000085,0.000081,-1.312405,83.476000
-3.774120,-0.176509,0.075430,0.000057,-0.000137,-1.316701,83.574000
-3.750963,-0.265710,0.075403,0.000005,0.000115,-1.317993,83.674000
-3.728163,-0.353950,0.075422,-0.000003,0.000059,-1.318071,83.772000
-3.705177,-0.443132,0.075424,0.000046,-0.000045,-1.317923,83.875000
-3.681896,-0.533305,0.075423,-0.000062,-0.000023,-1.318157,83.974000
-3.658880,-0.622469,0.075416,0.000053,0.000058,-1.318464,84.073000
-3.635953,-0.711575,0.075433,0.000026,-0.000049,-1.318990,84.173000
-3.613362,-0.799822,0.075393,0.000094,0.000161,-1.319297,84.275000
-3.590442,-0.888918,0.075425,0.000108,0.000023,-1.319548,84.373000
-3.567320,-0.979011,0.075424,-0.000046,-0.000130,-1.319926,84.472000
-3.544633,-1.067096,0.075413,0.000015,-0.000021,-1.319639,84.577000
-3.521600,-1.156155,0.075413,0.000029,-0.000059,-1.318540,84.676000
-3.498822,-1.245301,0.075384,-0.000020,0.000202,-1.318826,84.775000
-3.475744,-1.335388,0.075429,0.000073,-0.000039,-1.319491,84.876000
-3.452992,-1.423622,0.075404,-0.000038,0.000132,-1.318693,84.972000
-3.429964,-1.513712,0.075422,0.000084,0.000137,-1.319816,85.074000
-3.411590,-1.603030,0.075437,0.000021,0.000025,-1.340847,85.175000
-3.391433,-1.692826,0.075417,0.000034,-0.000083,-1.353276,85.271000
-3.372049,-1.782957,0.075416,-0.000087,-0.000045,-1.361266,85.375000
-3.353245,-1.873168,0.075411,-0.000111,0.000117,-1.366813,85.473000
-3.335209,-1.963328,0.075427,-0.000121,0.000082,-1.372007,85.574000
-3.317008,-2.053662,0.075409,-0.000039,0.000161,-1.373374,85.676000
-3.299180,-2.143959,0.075435,-0.000035,0.000003,-1.374622,85.774000
-3.281529,-2.234220,0.075403,-0.000005,0.000126,-1.377017,85.872000
-3.267040,-2.325935,0.075431,0.000045,-0.000005,-1.393368,85.974000
-3.251378,-2.416554,0.075417,-0.000035,-0.000014,-1.403218,86.076000
-3.236550,-2.507526,0.075411,0.000244,0.000013,-1.410239,86.178000
-3.221897,-2.598294,0.075405,-0.000053,0.000111,-1.413330,86.271000
-3.207816,-2.689244,0.075431,-0.000123,0.000104,-1.416473,86.378000
-3.193783,-2.779117,0.075421,0.000104,0.000098,-1.417128,86.475000
-3.183895,-2.870639,0.075416,-0.000035,0.000071,-1.438553,86.574000
-3.178978,-2.962394,0.075427,0.000126,-0.000054,-1.480004,86.673000
-3.171996,-3.054769,0.075415,0.000010,0.000038,-1.503383,86.773000
-3.167199,-3.145694,0.075416,-0.000070,0.000027,-1.519084,86.874000
-3.162976,-3.237556,0.075418,-0.000137,0.000011,-1.527359,86.971000
-3.159444,-3.329614,0.075419,-0.000009,0.000042,-1.532810,87.077000
-3.156168,-3.421742,0.075415,-0.000076,0.000103,-1.536271,87.177000
-3.153138,-3.513687,0.075426,-0.000010,0.000049,-1.538991,87.275000
-3.150146,-3.605807,0.075425,-0.000039,0.000022,-1.539443,87.377000
-3.147255,-3.697806,0.075424,-0.000134,0.000002,-1.539257,87.472000
-3.144448,-3.789983,0.075398,0.000079,0.000069,-1.539492,87.570000
-3.141604,-3.882092,0.075425,-0.000053,0.000064,-1.540268,87.673000
-3.138598,-3.974394,0.075433,-0.000021,-0.000201,-1.539505,87.772000
-3.135607,-4.067597,0.075399,0.000035,0.000019,-1.538921,87.876000
-3.132839,-4.158599,0.075416,-0.000015,0.000016,-1.539873,87.977000
-3.130106,-4.251550,0.075407,-0.000223,0.000061,-1.541376,88.070000
-3.127285,-4.342626,0.075422,-0.000085,-0.000046,-1.541287,88.176000
-3.124524,-4.434676,0.075417,-0.000002,0.000039,-1.540635,88.274000
-3.121738,-4.526822,0.075417,-0.000023,-0.000015,-1.540468,88.373000
-3.118664,-4.618928,0.075426,-0.000033,-0.000020,-1.539079,88.476000
-3.115894,-4.711189,0.075424,0.000130,0.000016,-1.539632,88.574000
-3.112908,-4.804270,0.075424,0.000003,-0.000008,-1.539688,88.673000
-3.110036,-4.896237,0.075417,0.000021,0.000030,-1.539794,88.774000
-3.107092,-4.988260,0.075421,0.000015,-0.000049,-1.539246,88.876000
-3.104272,-5.079258,0.075404,-0.000006,0.000066,-1.539282,88.971000
-3.101223,-5.171485,0.075400,-0.000101,0.000146,-1.538423,89.076000
-3.098051,-5.263632,0.075426,0.000095,-0.000003,-1.536553,89.173000
-3.099527,-5.355897,0.075417,-0.000112,-0.000004,-1.558935,89.272000
-3.109965,-5.447757,0.075420,0.000116,-0.000120,-1.623179,89.371000
-3.125770,-5.535467,0.075409,0.000067,-0.000036,-1.706245,89.475000
-3.150318,-5.620564,0.075412,-0.000091,0.000098,-1.801948,89.574000
-3.174675,-5.706514,0.075429,0.000111,-0.000002,-1.859774,89.675000
-3.204063,-5.793251,0.075429,-0.000021,-0.000126,-1.898598,89.774000
-3.238774,-5.876722,0.075409,0.000154,0.000007,-1.944957,89.874000
-3.282973,-5.956801,0.075435,-0.000040,-0.000039,-2.021362,89.973000
-3.332563,-6.030111,0.075413,-0.000149,-0.000018,-2.116670,90.079000
-3.388863,-6.098239,0.075434,0.000063,-0.000061,-2.219216,90.174000
-3.451321,-6.158783,0.075404,-0.000067,0.000042,-2.328626,90.271000
-3.520048,-6.212793,0.075439,-0.000046,-0.000166,-2.436285,90.378000
-3.594710,-6.257532,0.075395,-0.000119,-0.000026,-2.553487,90.478000
-3.672124,-6.294504,0.075422,-0.000006,0.000061,-2.662039,90.576000
-3.753106,-6.327386,0.075425,0.000002,-0.000028,-2.744533,90.677000
-3.837970,-6.358856,0.075431,-0.000063,-0.000135,-2.795053,90.776000
-3.924104,-6.383485,0.075416,-0.000008,-0.000025,-2.846901,90.872000
-4.013789,-6.398391,0.075410,0.000001,0.000050,-2.925681,90.978000
-4.102346,-6.410203,0.075431,-0.000035,-0.000012,-2.993188,91.077000
-4.238014,-6.421136,0.075426,0.000035,-0.000124,-3.045208,91.174000
-4.282863,-6.431022,0.075415,-0.000047,-0.000014,-3.055467,91.273000
-4.374353,-6.435933,0.075401,-0.000096,0.000091,-3.070972,91.374000
-4.466012,-6.441621,0.075425,-0.000046,0.000042,-3.081786,91.474000
-4.558867,-6.446968,0.075424,0.000022,-0.000052,-3.087337,91.571000
-4.649855,-6.451694,0.075427,0.000063,0.000005,-3.090631,91.673000
-4.741742,-6.456313,0.075417,-0.000012,0.000055,-3.092031,91.773000
-4.834515,-6.460711,0.075416,-0.000073,0.000013,-3.093935,91.874000
-4.925487,-6.464958,0.075406,-0.000002,0.000149,-3.096010,91.978000
-5.017360,-6.469262,0.075445,0.000064,-0.000030,-3.096172,92.074000
-5.109235,-6.473506,0.075410,-0.000073,-0.000044,-3.095393,92.178000
-5.201118,-6.477731,0.075410,0.000073,-0.000021,-3.094769,92.273000
-5.293016,-6.481872,0.075418,0.000104,0.000004,-3.095409,92.376000
-5.384938,-6.486252,0.075410,0.000059,-0.000008,-3.094457,92.475000
-5.523746,-6.493134,0.075400,0.000020,0.000102,-3.092522,92.577000
-5.614769,-6.497429,0.075420,0.000093,0.000049,-3.091556,92.674000
-5.661669,-6.499747,0.075407,-0.000105,0.000111,-3.091682,92.776000
-5.752664,-6.504068,0.075417,0.000114,0.000029,-3.093078,92.876000
-5.844520,-6.508852,0.075425,-0.000016,-0.000024,-3.092101,92.977000
-5.983385,-6.515692,0.075415,0.000032,0.000069,-3.091733,93.077000
-6.029328,-6.517909,0.075419,-0.000033,0.000014,-3.092127,93.178000
-6.120389,-6.522643,0.075422,-0.000020,-0.000130,-3.090847,93.278000
-6.213155,-6.527346,0.075409,-0.000013,-0.000016,-3.091204,93.377000
-6.305096,-6.531848,0.075403,-0.000083,0.000080,-3.092178,93.473000
-6.397125,-6.536442,0.075413,0.000020,0.000099,-3.092277,93.575000
-6.489022,-6.541070,0.075435,0.000052,-0.000024,-3.091655,93.674000
-6.581102,-6.545725,0.075413,-0.000142,0.000034,-3.091436,93.777000
-6.672266,-6.550280,0.075403,0.000066,0.000004,-3.092016,93.873000
-6.765235,-6.555104,0.075423,0.000164,-0.000010,-3.091791,93.975000
-6.856126,-6.559699,0.075411,-0.000115,0.000053,-3.091476,94.076000
-6.949234,-6.560029,0.075407,0.000083,0.000104,-3.113285,94.175000
-7.039410,-6.551186,0.075450,-0.000146,-0.000158,3.105754,94.276000
-7.128174,-6.535316,0.075389,-0.000022,0.000103,3.017431,94.372000
-7.214443,-6.510962,0.075414,-0.000114,-0.000084,2.914885,94.473000
-7.295177,-6.479035,0.075432,0.000096,-0.000088,2.806824,94.577000
-7.373362,-6.439853,0.075424,0.000017,-0.000072,2.709149,94.676000
-7.451995,-6.399060,0.075412,-0.000080,0.000006,2.650965,94.776000
-7.531330,-6.353778,0.075420,-0.000011,0.000008,2.615400,94.874000
-7.607083,-6.302977,0.075422,-0.000057,-0.000009,2.571101,94.974000
-7.675972,-6.244085,0.075433,0.000005,-0.000141,2.492427,95.077000
-7.739460,-6.181971,0.075406,-0.000079,0.000067,2.404954,95.174000
-7.797024,-6.114626,0.075437,-0.000012,-0.000158,2.316333,95.278000
-7.899380,-5.965859,0.075387,0.000058,0.000032,2.218701,95.377000
-7.913394,-5.976545,0.075421,0.000039,0.000037,2.218701,95.477000
-7.963805,-5.853628,0.075436,-0.000098,0.000016,2.092568,95.584000
-8.011462,-5.780388,0.075442,0.000050,-0.000085,2.036380,95.679000
-8.032283,-5.742796,0.075425,0.000052,-0.000040,2.015030,95.778000
-8.079809,-5.616144,0.075429,0.000032,-0.000033,1.972847,95.875000
-8.111016,-5.528080,0.075419,0.000024,-0.000027,1.918671,95.978000
-8.126280,-5.487354,0.075414,0.000052,-0.000175,1.887062,96.073000
-8.153749,-5.341874,0.075390,0.000005,0.000057,1.821384,96.174000
-8.172482,-5.300930,0.075421,0.000087,0.000010,1.809270,96.275000
-8.197461,-5.175032,0.075399,-0.000028,0.000136,1.788237,96.376000
-8.220016,-5.075394,0.075430,-0.000175,-0.000011,1.778664,96.476000
-8.230032,-5.030526,0.075429,0.000093,0.000021,1.775689,96.575000
-8.257058,-4.894127,0.075411,-0.000005,0.000068,1.771248,96.673000
-8.266647,-4.849123,0.075409,0.000220,0.000042,1.769943,96.774000
-8.284246,-4.759731,0.075434,0.000095,-0.000210,1.767447,96.876000
-8.302149,-4.669492,0.075396,-0.000076,0.000079,1.765727,96.976000
-8.319876,-4.579153,0.075427,-0.000012,-0.000016,1.764199,97.078000
-8.337511,-4.488726,0.075409,-0.000071,0.000027,1.763366,97.175000
-8.355186,-4.398206,0.075423,-0.000043,-0.000103,1.763184,97.273000
-8.368670,-4.306870,0.075427,0.000053,-0.000134,1.741950,97.376000
-8.373056,-4.215571,0.075403,-0.000019,0.000045,1.678972,97.477000
-8.373567,-4.124755,0.075421,-0.000014,0.000036,1.609814,97.580000
-8.374940,-4.033668,0.075407,0.000037,0.000038,1.570875,97.671000
-8.373064,-3.942252,0.075427,-0.000005,0.000042,1.546395,97.773000
-8.369609,-3.849601,0.075423,-0.000014,0.000019,1.530763,97.875000
-8.365411,-3.758819,0.075418,0.000018,0.000036,1.521863,97.975000
-8.360426,-3.666890,0.075415,0.000091,-0.000027,1.516077,98.076000
-8.349441,-3.575576,0.075421,-0.000112,-0.000094,1.484202,98.176000
-8.317018,-3.442389,0.075407,-0.000082,0.000027,1.402274,98.276000
-8.317651,-3.394673,0.075416,-0.000044,-0.000013,1.384902,98.375000
-8.296372,-3.306951,0.075406,-0.000001,0.000111,1.359886,98.475000
-8.273353,-3.218271,0.075428,0.000133,-0.000041,1.329674,98.577000
-8.240649,-3.132418,0.075406,0.000108,0.000070,1.263040,98.675000
-8.202112,-3.051549,0.075437,-0.000082,-0.000076,1.175840,98.774000
-8.163784,-2.971033,0.075418,-0.000018,-0.000100,1.119426,98.876000
-8.121776,-2.890911,0.075412,-0.000032,0.000040,1.082549,98.970000
-8.073145,-2.812519,0.075429,-0.000067,-0.000027,1.037351,99.077000
-8.017837,-2.742134,0.075405,-0.000129,0.000026,0.960113,99.176000
-7.917044,-2.654312,0.075423,0.000197,0.000058,0.814664,99.273000
-7.894149,-2.613672,0.075407,-0.000173,0.000216,0.757321,99.374000
-7.779439,-2.547012,0.075455,0.000059,-0.000045,0.640989,99.477000
-7.750037,-2.510608,0.075415,0.000059,0.000012,0.615185,99.578000
-7.670313,-2.466257,0.075409,0.000191,0.000099,0.562862,99.676000
-7.589415,-2.425428,0.075423,-0.000164,0.000032,0.501514,99.774000
-7.509187,-2.384559,0.075424,0.000089,-0.000031,0.463516,99.874000
-7.426780,-2.344801,0.075413,-0.000019,0.000136,0.442200,99.972000
-7.341009,-2.310519,0.075434,0.000067,-0.000053,0.404812,100.076000
-7.255830,-2.279840,0.075404,-0.000162,0.000067,0.363321,100.174000
-7.168500,-2.248743,0.075427,0.000049,-0.000035,0.337790,100.274000
-7.081949,-2.221223,0.075413,0.000004,-0.000046,0.312454,100.375000
-6.991684,-2.202847,0.075430,-0.000027,-0.000007,0.252639,100.478000
-6.903798,-2.184823,0.075429,-0.000003,-0.000010,0.206940,100.571000
-6.814056,-2.168029,0.075425,0.000089,-0.000016,0.179475,100.673000
-6.723139,-2.157113,0.075417,0.000038,0.000030,0.140105,100.775000
-6.632248,-2.151857,0.075420,0.000094,0.000051,0.089262,100.877000
-6.540245,-2.145858,0.075423,0.000013,0.000021,0.058256,100.977000
-6.448555,-2.141905,0.075428,-0.000013,0.000005,0.038004,101.077000
-6.357479,-2.138854,0.075409,0.000067,0.000118,0.027614,101.175000
-6.265535,-2.137011,0.075421,-0.000180,0.000055,0.019875,101.272000
-6.173270,-2.135380,0.075422,0.000003,0.000033,0.015854,101.373000
-6.081162,-2.134190,0.075414,0.000051,0.000024,0.012715,101.473000
-5.989022,-2.133100,0.075413,0.000050,0.000059,0.011505,101.575000
-5.850768,-2.131635,0.075422,-0.000052,0.000017,0.010868,101.675000
-5.758637,-2.130558,0.075431,0.000067,-0.000060,0.011066,101.777000
-5.711558,-2.130100,0.075410,-0.000123,0.000040,0.010424,101.876000
-5.620473,-2.129117,0.075420,0.000061,-0.000025,0.010518,101.975000
-5.528368,-2.128216,0.075411,-0.000027,0.000087,0.010051,102.073000
-5.436241,-2.127233,0.075433,0.000025,-0.000049,0.010238,102.176000
-5.344312,-2.126438,0.075415,-0.000187,-0.000093,0.009319,102.279000
-5.252114,-2.125441,0.075402,0.000033,0.000124,0.009852,102.376000
-5.160116,-2.124590,0.075429,0.000054,0.000007,0.009823,102.473000
-5.067941,-2.123723,0.075419,-0.000040,0.000029,0.009927,102.574000
-4.975730,-2.122096,0.075415,0.000118,-0.000048,0.014130,102.674000
-4.884374,-2.111533,0.075417,0.000020,0.000006,0.060856,102.774000
-4.795233,-2.094357,0.075410,-0.000047,0.000014,0.136902,102.873000
-4.708419,-2.069736,0.075416,0.000104,0.000070,0.229662,102.977000
-4.627596,-2.037371,0.075440,0.000066,-0.000136,0.333524,103.077000
-4.548975,-1.997378,0.075402,-0.000051,0.000074,0.434287,103.175000
-4.471751,-1.954147,0.075438,-0.000008,-0.000016,0.506460,103.277000
-4.395268,-1.908711,0.075415,0.000128,0.000062,0.549491,103.372000
-4.318781,-1.859459,0.075436,-0.000046,-0.000102,0.576055,103.475000
-4.204793,-1.780867,0.075389,-0.000042,0.000070,0.597053,103.573000
-4.166277,-1.757418,0.075406,0.000054,0.000130,0.601111,103.676000
-4.019993,-1.645508,0.075451,-0.000087,-0.000020,0.631662,103.777000
-3.982174,-1.619770,0.075414,0.000119,0.000077,0.660481,103.872000
-3.948776,-1.588935,0.075426,-0.000042,-0.000008,0.695944,103.975000
-3.869846,-1.478350,0.075438,-0.000054,-0.000099,0.826720,104.077000
-3.831347,-1.452475,0.075413,0.000046,0.000009,0.875338,104.177000
-3.779784,-1.330573,0.075420,0.000046,0.000036,1.024616,104.273000
-3.743352,-1.298458,0.075437,-0.000137,-0.000086,1.059470,104.374000
-3.706769,-1.216908,0.075414,-0.000031,-0.000039,1.104353,104.474000
-3.662836,-1.137457,0.075415,0.000129,-0.000015,1.103668,104.575000
-3.612938,-1.061078,0.075426,-0.000169,-0.000098,1.054952,104.675000
-3.561037,-0.990290,0.075415,-0.000222,-0.000063,0.982919,104.775000
-3.502193,-0.925199,0.075422,-0.000024,-0.000022,0.890086,104.875000
-3.437272,-0.866132,0.075423,-0.000025,0.000038,0.785830,104.974000
-3.369118,-0.811631,0.075421,-0.000071,0.000012,0.696190,105.076000
-3.298985,-0.756591,0.075422,-0.000155,-0.000052,0.647023,105.175000
-3.225994,-0.705302,0.075419,-0.000115,-0.000073,0.613732,105.277000
-3.150562,-0.654060,0.075405,0.000189,0.000070,0.593237,105.376000
-3.074059,-0.603590,0.075423,0.000005,0.000057,0.580322,105.473000
-2.995985,-0.553058,0.075418,-0.000231,-0.000033,0.572957,105.574000
-2.918482,-0.503512,0.075419,0.000031,-0.000048,0.568398,105.676000
-2.841324,-0.454823,0.075402,-0.000001,0.000024,0.563757,105.775000
-2.759528,-0.413104,0.075423,-0.000006,-0.000002,0.520523,105.874000
-2.676834,-0.374917,0.075435,-0.000151,-0.000086,0.466296,105.970000
-2.594261,-0.335599,0.075401,0.000007,0.000071,0.434757,106.079000
-2.510900,-0.298289,0.075426,-0.000013,-0.000111,0.415813,106.173000
-2.426595,-0.262247,0.075395,-0.000054,0.000077,0.403402,106.274000
-2.341764,-0.226557,0.075431,0.000018,-0.000051,0.396423,106.375000
-2.256613,-0.191207,0.075406,0.000029,0.000040,0.392154,106.480000
-2.170212,-0.159901,0.075423,-0.000003,-0.000069,0.369661,106.576000
-2.082805,-0.133785,0.075405,-0.000007,0.000052,0.326709,106.676000
-1.995661,-0.106128,0.075417,0.000082,0.000028,0.301307,106.773000
-1.906693,-0.079928,0.075424,0.000002,0.000024,0.284014,106.876000
-1.817947,-0.058796,0.075429,-0.000028,-0.000065,0.253131,106.972000
-1.726591,-0.047170,0.075435,0.000117,-0.000199,0.184618,107.073000
-1.636809,-0.040345,0.075410,-0.000048,-0.000005,0.108536,107.176000
-1.547722,-0.034418,0.075416,0.000052,0.000005,0.059477,107.278000
-1.456730,-0.031284,0.075420,-0.000030,0.000001,0.029590,107.379000
-1.365182,-0.029985,0.075425,-0.000142,-0.000036,0.010435,107.473000
-1.272337,-0.027301,0.075420,0.000140,0.000092,0.012321,107.573000
-1.180910,-0.020595,0.075430,-0.000037,0.000042,0.037815,107.674000
-1.089291,-0.016257,0.075414,-0.000018,-0.000018,0.052622,107.775000
-0.997407,-0.010568,0.075420,-0.000061,-0.000041,0.062076,107.875000
-0.906296,-0.008821,0.075440,-0.000141,-0.000195,0.045892,107.977000
-0.814646,-0.010507,0.075406,0.000075,-0.000002,0.011597,108.077000
-0.721939,-0.010323,0.075424,-0.000005,-0.000016,-0.006518,108.177000
-0.631155,-0.011688,0.075405,-0.000004,0.000088,-0.017133,108.273000
-0.538173,-0.013758,0.075434,-0.000014,-0.000013,-0.023414,108.376000
-0.446234,-0.016431,0.075422,-0.000044,-0.000084,-0.028794,108.475000
-0.354932,-0.019208,0.075408,0.000008,0.000115,-0.032404,108.577000
-0.277121,-0.021465,0.075410,-0.000009,0.000123,-0.031211,108.677000
-0.241114,-0.022832,0.075416,-0.000017,-0.000029,-0.032056,108.776000
-0.231656,-0.023132,0.075410,-0.000049,-0.000024,-0.032292,108.876000
-0.230672,-0.023168,0.075409,0.000090,0.000025,-0.032231,108.975000
-0.230657,-0.023167,0.075409,0.000088,0.000021,-0.032215,109.075000
-0.230661,-0.023165,0.075410,0.000087,0.000016,-0.032197,109.174000
-0.230655,-0.023164,0.075410,0.000086,0.000016,-0.032182,109.277000
-0.230644,-0.023163,0.075410,0.000085,0.000017,-0.032169,109.377000
-0.230632,-0.023163,0.075410,0.000085,0.000018,-0.032157,109.481000
-0.230622,-0.023162,0.075410,0.000084,0.000020,-0.032146,109.576000
-0.230613,-0.023161,0.075410,0.000084,0.000021,-0.032135,109.675000
-0.230607,-0.023160,0.075410,0.000085,0.000022,-0.032119,109.776000
-0.230605,-0.023160,0.075410,0.000084,0.000023,-0.032115,109.873000
-0.230604,-0.023159,0.075410,0.000085,0.000023,-0.032107,109.976000
-0.230606,-0.023158,0.075410,0.000085,0.000023,-0.032100,110.078000
-0.230610,-0.023158,0.075410,0.000085,0.000023,-0.032093,110.176000
-0.230616,-0.023157,0.075410,0.000085,0.000022,-0.032085,110.277000
-0.230624,-0.023156,0.075410,0.000086,0.000021,-0.032077,110.375000
-0.230634,-0.023155,0.075410,0.000086,0.000020,-0.032071,110.474000
-0.230646,-0.023154,0.075410,0.000087,0.000018,-0.032063,110.577000
-0.230659,-0.023153,0.075410,0.000088,0.000016,-0.032057,110.675000
-0.230674,-0.023152,0.075410,0.000088,0.000014,-0.032050,110.779000
-0.230699,-0.023151,0.075410,0.000090,0.000010,-0.032041,110.875000
-0.230708,-0.023150,0.075410,0.000090,0.000009,-0.032037,110.973000
-0.230737,-0.023148,0.075410,0.000091,0.000005,-0.032028,111.075000
-0.230747,-0.023148,0.075410,0.000092,0.000003,-0.032025,111.173000
